Index,Name
1,26751441
2,26751440
3,26751439
4,26751438
5,26751437
6,26751436
7,26751435
8,26751434
9,26751433
10,26751432
11,26751431
12,26751430
13,26751429
14,26751427
15,26751426
16,26751425
17,26751424
18,26751423
19,26751422
20,26751421
21,26751420
22,26751419
23,26751418
24,26751417
25,26751416
26,26751415
27,26751414
28,26751413
29,26751412
30,26751411
31,26751410
32,26751409
33,26751408
34,26751407
35,26751406
36,26751405
37,26751404
38,26751403
39,26751402
40,26751401
41,26751400
42,26751399
43,26751398
44,26751397
45,26751396
46,26751395
47,26751394
48,26751393
49,26751392
50,26751391
51,26751390
52,26751389
53,26751388
54,26751387
55,26751386
56,26751385
57,26751384
58,26751383
59,26751382
60,26751381
61,26751380
62,26751379
63,26751378
64,26751377
65,26751376
66,26751375
67,26751374
68,26751373
69,26751372
70,26751371
71,26751370
72,26751369
73,26751368
74,26751367
75,26751366
76,26751365
77,26751364
78,26751363
79,26751362
80,26751361
81,26751360
82,26751359
83,26751358
84,26751357
85,26751356
86,26751355
87,26751354
88,26751353
89,26751352
90,26751351
91,26751350
92,26751349
93,26751348
94,26751347
95,26751346
96,26751345
97,26751344
98,26751343
99,26751342
100,26751341
101,26751340
102,26751339
103,26751338
104,26751337
105,26751336
106,26751335
107,26751334
108,26751333
109,26751332
110,26751331
111,26751330
112,26751329
113,26751328
114,26751327
115,26751326
116,26751325
117,26751324
118,26751323
119,26751322
120,26751321
121,26751320
122,26751319
123,26751318
124,26751317
125,26751316
126,26751315
127,26751314
128,26751313
129,26751312
130,26751311
131,26751310
132,26751309
133,26751308
134,26751307
135,26751306
136,26751305
137,26751304
138,26751303
139,26751302
140,26751301
141,26751300
142,26751299
143,26751298
144,26751297
145,26751296
146,26751295
147,26751294
148,26751293
149,26751292
150,26751291
151,26751290
152,26751289
153,26751288
154,26751287
155,26751286
156,26751285
157,26751284
158,26751283
159,26751282
160,26751281
161,26751280
162,26751279
163,26751278
164,26751277
165,26751276
166,26751275
167,26751274
168,26751273
169,26751272
170,26751271
171,26751270
172,26751269
173,26751268
174,26751267
175,26751266
176,26751265
177,26751264
178,26751263
179,26751262
180,26751261
181,26751260
182,26751259
183,26751258
184,26751257
185,26751256
186,26751255
187,26751254
188,26751253
189,26751252
190,26751251
191,26751250
192,26751249
193,26751248
194,26751247
195,26751246
196,26751245
197,26751244
198,26751243
199,26751242
200,26751241
201,26751240
202,26751239
203,26751238
204,26751237
205,26751236
206,26751235
207,26751234
208,26751233
209,26751232
210,26751231
211,26751230
212,26751229
213,26751228
214,26751227
215,26751226
216,26751225
217,26751224
218,26751223
219,26751222
220,26751221
221,26751220
222,26751219
223,26751218
224,26751217
225,26751216
226,26751215
227,26751214
228,26751213
229,26751212
230,26751211
231,26751210
232,26751209
233,26751208
234,26751207
235,26751206
236,26751205
237,26751204
238,26751203
239,26751202
240,26751201
241,26751200
242,26751199
243,26751198
244,26751197
245,26751196
246,26751195
247,26751194
248,26751193
249,26751192
250,26751191
251,26751190
252,26751189
253,26751188
254,26751187
255,26751186
256,26751185
257,26751184
258,26751183
259,26751182
260,26751181
261,26751180
262,26751179
263,26751178
264,26751177
265,26751176
266,26751175
267,26751174
268,26751173
269,26751172
270,26751171
271,26751170
272,26751169
273,26751168
274,26751167
275,26751166
276,26751165
277,26751164
278,26751163
279,26751162
280,26751161
281,26751160
282,26751159
283,26751158
284,26751157
285,26751156
286,26751155
287,26751154
288,26751153
289,26751152
290,26751151
291,26751150
292,26751149
293,26751148
294,26751147
295,26751146
296,26751145
297,26751144
298,26751143
299,26751142
300,26751141
301,26751140
302,26751139
303,26751138
304,26751137
305,26751136
306,26751135
307,26751134
308,26751133
309,26751132
310,26751131
311,26751130
312,26751129
313,26751128
314,26751127
315,26751126
316,26751125
317,26751124
318,26751123
319,26751122
320,26751121
321,26751120
322,26751119
323,26751118
324,26751117
325,26751116
326,26751115
327,26751114
328,26751113
329,26751112
330,26751111
331,26751110
332,26751109
333,26751108
334,26751107
335,26751106
336,26751105
337,26751104
338,26751103
339,26751102
340,26751101
341,26751100
342,26751099
343,26751098
344,26751097
345,26751096
346,26751095
347,26751094
348,26751093
349,26751092
350,26751091
351,26751090
352,26751089
353,26751088
354,26751087
355,26751086
356,26751085
357,26751084
358,26751083
359,26751082
360,26751081
361,26751080
362,26751079
363,26751078
364,26751077
365,26751076
366,26751075
367,26751074
368,26751073
369,26751072
370,26751071
371,26751070
372,26751069
373,26751068
374,26751067
375,26751066
376,26751065
377,26751064
378,26751063
379,26751062
380,26751061
381,26751060
382,26751059
383,26751058
384,26751057
385,26751056
386,26751055
387,26751054
388,26751053
389,26751052
390,26751051
391,26751050
392,26751049
393,26751048
394,26751047
395,26751046
396,26751045
397,26751044
398,26751043
399,26751042
400,26751041
401,26751040
402,26751039
403,26751038
404,26751037
405,26751036
406,26751035
407,26751034
408,26751033
409,26751032
410,26751031
411,26751030
412,26751029
413,26751028
414,26751027
415,26751026
416,26751025
417,26751024
418,26751023
419,26751022
420,26751021
421,26751020
422,26751019
423,26751018
424,26751017
425,26751016
426,26751015
427,26751014
428,26751013
429,26751012
430,26751011
431,26751010
432,26751009
433,26751008
434,26751007
435,26751006
436,26751005
437,26751004
438,26751003
439,26751002
440,26751001
441,26751000
442,26750999
443,26750998
444,26750997
445,26750996
446,26750995
447,26750994
448,26750993
449,26750992
450,26750991
451,26750990
452,26750989
453,26750988
454,26750987
455,26750986
456,26750985
457,26750984
458,26750983
459,26750982
460,26750981
461,26750980
462,26750979
463,26750978
464,26750977
465,26750976
466,26750975
467,26750974
468,26750973
469,26750972
470,26750971
471,26750970
472,26750969
473,26750968
474,26750967
475,26750966
476,26750965
477,26750964
478,26750963
479,26750962
480,26750961
481,26750960
482,26750959
483,26750958
484,26750957
485,26750956
486,26750955
487,26750954
488,26750953
489,26750952
490,26750951
491,26750950
492,26750949
493,26750948
494,26750947
495,26750946
496,26750945
497,26750944
498,26750943
499,26750942
500,26750941
501,26750940
502,26750939
503,26750938
504,26750937
505,26750936
506,26750935
507,26750934
508,26750933
509,26750932
510,26750931
511,26750930
512,26750929
513,26750928
514,26750927
515,26750926
516,26750925
517,26750924
518,26750923
519,26750922
520,26750921
521,26750920
522,26750919
523,26750918
524,26750917
525,26750916
526,26750915
527,26750914
528,26750913
529,26750912
530,26750911
531,26750910
532,26750909
533,26750908
534,26750907
535,26750906
536,26750905
537,26750904
538,26750903
539,26750902
540,26750901
541,26750900
542,26750899
543,26750898
544,26750897
545,26750896
546,26750895
547,26750894
548,26750893
549,26750892
550,26750891
551,26750890
552,26750889
553,26750888
554,26750887
555,26750886
556,26750885
557,26750884
558,26750883
559,26750882
560,26750881
561,26750880
562,26750879
563,26750878
564,26750877
565,26750876
566,26750875
567,26750874
568,26750873
569,26750872
570,26750871
571,26750870
572,26750869
573,26750868
574,26750867
575,26750866
576,26750865
577,26750864
578,26750863
579,26750862
580,26750861
581,26750860
582,26750859
583,26750858
584,26750857
585,26750856
586,26750855
587,26750854
588,26750853
589,26750852
590,26750851
591,26750850
592,26750849
593,26750848
594,26750847
595,26750846
596,26750845
597,26750844
598,26750843
599,26750842
600,26750841
601,26750840
602,26750839
603,26750838
604,26750837
605,26750836
606,26750835
607,26750834
608,26750833
609,26750832
610,26750831
611,26750830
612,26750829
613,26750828
614,26750827
615,26750826
616,26750825
617,26750824
618,26750823
619,26750822
620,26750821
621,26750820
622,26750819
623,26750818
624,26750817
625,26750816
626,26750815
627,26750814
628,26750813
629,26750812
630,26750811
631,26750810
632,26750809
633,26750808
634,26750807
635,26750806
636,26750805
637,26750804
638,26750803
639,26750802
640,26750801
641,26750800
642,26750799
643,26750798
644,26750797
645,26750796
646,26750795
647,26750794
648,26750793
649,26750792
650,26750791
651,26750790
652,26750789
653,26750788
654,26750787
655,26750786
656,26750785
657,26750784
658,26750783
659,26750782
660,26750781
661,26750780
662,26750779
663,26750778
664,26750777
665,26750776
666,26750775
667,26750774
668,26750773
669,26750772
670,26750771
671,26750770
672,26750769
673,26750768
674,26750767
675,26750766
676,26750765
677,26750764
678,26750763
679,26750762
680,26750761
681,26750760
682,26750759
683,26750758
684,26750757
685,26750756
686,26750755
687,26750754
688,26750753
689,26750752
690,26750751
691,26750750
692,26750749
693,26750748
694,26750747
695,26750746
696,26750745
697,26750744
698,26750743
699,26750742
700,26750741
701,26750740
702,26750739
703,26750738
704,26750737
705,26750736
706,26750735
707,26750734
708,26750733
709,26750732
710,26750731
711,26750730
712,26750729
713,26750728
714,26750727
715,26750726
716,26750725
717,26750724
718,17416397
719,17416395
720,17416387
721,17416386
722,17416378
723,17416371
724,17416368
725,17416367
726,17416366
727,17416364
728,17416362
729,17416357
730,17416355
731,17416351
732,17416347
733,17416346
734,17416344
735,17416342
736,17416341
737,17416340
738,17416339
739,17416338
740,17416337
741,17416335
742,17416326
743,17416324
744,17416322
745,17416314
746,17416301
747,17416299
748,17416287
749,17416286
750,17416283
751,17416282
752,17416276
753,17416274
754,17416268
755,17416265
756,17416264
757,17416263
758,17416257
759,17416256
760,17416252
761,17416251
762,17416250
763,17416249
764,17416244
765,17416243
766,17416241
767,17416239
768,17416238
769,17416236
770,17416234
771,17416233
772,17416232
773,17416231
774,17416227
775,17416225
776,17416220
777,17416218
778,17416217
779,17416214
780,17416211
781,17416209
782,17416204
783,17416203
784,17416202
785,17416201
786,17416199
787,17416198
788,17416196
789,17416195
790,17416186
791,17416184
792,17416181
793,17416180
794,17416178
795,17416177
796,17416167
797,17416161
798,17416159
799,17416157
800,17416156
801,17416153
802,17416150
803,17416148
804,17416145
805,17416140
806,17416137
807,17416136
808,17416135
809,17416134
810,17416133
811,17416132
812,17416131
813,17416126
814,17416124
815,17416122
816,17416121
817,17416118
818,17416116
819,17416115
820,17416113
821,17416112
822,17416111
823,17416110
824,17416106
825,17416104
826,17416103
827,17416099
828,17416098
829,17416095
830,17416094
831,17416093
832,17416092
833,17416091
834,17416088
835,17416086
836,17416085
837,17416080
838,17416079
839,17416072
840,17416071
841,17416066
842,17416065
843,17416064
844,17416062
845,17416057
846,17416054
847,17416053
848,17416050
849,17416045
850,17416043
851,17416039
852,17416035
853,17416033
854,17416029
855,17416026
856,17416024
857,17416023
858,17416021
859,17416017
860,17416013
861,17416012
862,17416006
863,17416005
864,17416002
865,17415995
866,17415994
867,17415990
868,17415989
869,17415988
870,17415978
871,17415975
872,17415973
873,17415972
874,17415970
875,17415961
876,17415957
877,17415956
878,17415955
879,17415953
880,17415952
881,17415951
882,17415950
883,17415949
884,17415946
885,17415945
886,17415944
887,17415943
888,17415941
889,17415938
890,17415936
891,17415931
892,17415930
893,17415929
894,17415927
895,17415924
896,17415921
897,17415918
898,17415915
899,17415914
900,17415910
901,17415908
902,17415907
903,17415906
904,17415904
905,17415903
906,17415900
907,17415899
908,17415898
909,17415897
910,17415896
911,17415893
912,17415892
913,17415890
914,17415885
915,17415879
916,17415877
917,17415872
918,17415870
919,17415867
920,17415866
921,17415864
922,17415863
923,17415854
924,17415847
925,17415841
926,17415840
927,17415838
928,17415836
929,17415834
930,17415833
931,17415831
932,17415827
933,17415821
934,17415819
935,17415818
936,17415812
937,17415799
938,17415796
939,17415795
940,17415792
941,17415783
942,17415779
943,17415776
944,17415775
945,17415771
946,17415751
947,17415742
948,17415741
949,17415739
950,17415737
951,17415735
952,17415734
953,17415730
954,17415729
955,17415727
956,17415725
957,17415724
958,17415723
959,17415717
960,17415707
961,17415705
962,17415694
963,17415686
964,17415683
965,17415678
966,17415677
967,17415676
968,17415675
969,17415667
970,17415664
971,17415662
972,17415650
973,17415648
974,17415641
975,17415638
976,17415637
977,17415632
978,17415630
979,17415616
980,17415612
981,17415611
982,17415610
983,17415608
984,17415603
985,17415602
986,17415601
987,17415599
988,17415598
989,17415596
990,17415593
991,17415591
992,17415590
993,17415587
994,17415585
995,17415580
996,17415577
997,17415574
998,17415571
999,17415568
1000,17415565
1001,17415560
1002,17415546
1003,17415542
1004,17415529
1005,17415524
1006,17415520
1007,17415515
1008,17415514
1009,17415483
1010,17415481
1011,17415477
1012,17415474
1013,17415471
1014,17415466
1015,17415461
1016,17415454
1017,17415453
1018,17415442
1019,17415441
1020,17415439
1021,17415436
1022,17415434
1023,17415416
1024,17415412
1025,17415406
1026,17415403
1027,17415402
1028,17415401
1029,17415399
1030,17415387
1031,17415385
1032,17415378
1033,17415377
1034,17415374
1035,17415373
1036,17415371
1037,17415370
1038,17415365
1039,17415358
1040,17415357
1041,17415352
1042,17415350
1043,17415344
1044,17415342
1045,17415338
1046,17415337
1047,17415336
1048,17415332
1049,17415329
1050,17415328
1051,17415323
1052,17415322
1053,17415320
1054,17415318
1055,17415316
1056,17415315
1057,17415304
1058,17415302
1059,17415299
1060,17415295
1061,17415294
1062,17415293
1063,17415286
1064,17415278
1065,17415275
1066,17415273
1067,17415267
1068,17415258
1069,17415257
1070,17415253
1071,17415252
1072,17415251
1073,17415249
1074,17415246
1075,17415241
1076,17415236
1077,17415234
1078,17415226
1079,17415225
1080,17415221
1081,17415218
1082,17415217
1083,17415216
1084,17415215
1085,17415210
1086,17415201
1087,17415200
1088,17415194
1089,17415192
1090,17415191
1091,17415186
1092,17415185
1093,17415181
1094,17415179
1095,17415178
1096,17415176
1097,17415175
1098,17415174
1099,17415173
1100,17415167
1101,17415156
1102,17415155
1103,17415153
1104,17415151
1105,17415149
1106,17415148
1107,17415139
1108,17415134
1109,17415132
1110,17415130
1111,17415121
1112,17415116
1113,17415114
1114,17415112
1115,17415110
1116,17415109
1117,17415107
1118,17415105
1119,17415104
1120,17415077
1121,17415076
1122,17415066
1123,17415062
1124,17415055
1125,17415053
1126,17415041
1127,17415039
1128,17415038
1129,17415036
1130,17415030
1131,17415023
1132,17415018
1133,17415007
1134,17415005
1135,17415002
1136,17414998
1137,17414995
1138,17414993
1139,17414991
1140,17414986
1141,17414984
1142,17414981
1143,17414979
1144,17414978
1145,17414969
1146,17414967
1147,17414962
1148,17414960
1149,17414959
1150,17414956
1151,17414955
1152,17414946
1153,17414944
1154,17414940
1155,17414937
1156,17414934
1157,17414933
1158,17414927
1159,17414924
1160,17414922
1161,17414917
1162,17414909
1163,17414907
1164,17414904
1165,17414902
1166,17414900
1167,17414896
1168,17414895
1169,17414894
1170,17414892
1171,17414891
1172,17414881
1173,17414880
1174,17414877
1175,17414872
1176,17414870
1177,17414869
1178,17414868
1179,17414867
1180,17414866
1181,17414863
1182,17414862
1183,17414857
1184,17414847
1185,17414845
1186,17414842
1187,17414839
1188,17414824
1189,17414821
1190,17414817
1191,17414814
1192,17414810
1193,17414794
1194,17414793
1195,17414792
1196,17414790
1197,17414788
1198,17414787
1199,17414785
1200,17414784
1201,17414771
1202,17414757
1203,17414755
1204,17414754
1205,17414752
1206,17414751
1207,17414748
1208,17414747
1209,17414739
1210,17414736
1211,17414727
1212,17414726
1213,17414724
1214,17414723
1215,17414722
1216,17414716
1217,17414714
1218,17414707
1219,17414706
1220,17414702
1221,17414694
1222,17414692
1223,17414691
1224,17414690
1225,17414688
1226,17414685
1227,17414678
1228,17414674
1229,17414673
1230,17414672
1231,17414671
1232,17414670
1233,17414669
1234,17414666
1235,17414662
1236,17414660
1237,17414656
1238,17414653
1239,17414652
1240,17414651
1241,17414643
1242,17414642
1243,17414640
1244,17414633
1245,17414631
1246,17414630
1247,17414629
1248,17414626
1249,17414624
1250,17414622
1251,17414611
1252,17414607
1253,17414595
1254,17414592
1255,17414591
1256,17414587
1257,17414585
1258,17414584
1259,17414581
1260,17414580
1261,17414578
1262,17414568
1263,17414564
1264,17414561
1265,17414560
1266,17414557
1267,17414556
1268,17414550
1269,17414549
1270,17414546
1271,17414543
1272,17414540
1273,17414539
1274,17414538
1275,17414537
1276,17414536
1277,17414532
1278,17414531
1279,17414530
1280,17414526
1281,17414522
1282,17414518
1283,17414517
1284,17414515
1285,17414514
1286,17414513
1287,17414511
1288,17414507
1289,17414505
1290,17414503
1291,17414502
1292,17414500
1293,17414492
1294,17414491
1295,17414490
1296,17414486
1297,17414483
1298,17414475
1299,17414472
1300,17414466
1301,17414455
1302,17414451
1303,17414441
1304,17414436
1305,17414435
1306,17414434
1307,17414429
1308,17414427
1309,17414425
1310,17414424
1311,17414420
1312,17414397
1313,17414396
1314,17414395
1315,17414390
1316,17414381
1317,17414380
1318,17414374
1319,17414373
1320,17414371
1321,17414370
1322,17414369
1323,17414366
1324,17414365
1325,17414364
1326,17414363
1327,17414361
1328,17414360
1329,17414358
1330,17414357
1331,17414356
1332,17414353
1333,17414352
1334,17414350
1335,17414349
1336,17414345
1337,17414341
1338,17414340
1339,17414339
1340,17414338
1341,17414335
1342,17414334
1343,17414329
1344,17414328
1345,17414322
1346,17414321
1347,17414320
1348,17414317
1349,17414315
1350,17414312
1351,17414306
1352,17414304
1353,17414302
1354,17414300
1355,17414298
1356,17414289
1357,17414277
1358,17414276
1359,17414275
1360,17414274
1361,17414273
1362,17414272
1363,17414271
1364,17414270
1365,17414262
1366,17414252
1367,17414220
1368,17414216
1369,17414215
1370,17414213
1371,17414211
1372,17414210
1373,17414208
1374,17414204
1375,17414202
1376,17414186
1377,17414179
1378,17414163
1379,17414162
1380,17414160
1381,17414157
1382,17414154
1383,17414147
1384,17414146
1385,17414144
1386,17414140
1387,17414123
1388,17414122
1389,17414121
1390,17414120
1391,17414119
1392,17414118
1393,17414117
1394,17414111
1395,17414110
1396,17414105
1397,17414104
1398,17414103
1399,17414097
1400,17414086
1401,17414071
1402,17414069
1403,17414065
1404,17414060
1405,17414057
1406,17414051
1407,17414044
1408,17414038
1409,17414033
1410,17414032
1411,17414030
1412,17414022
1413,17414020
1414,17414019
1415,17414011
1416,17414009
1417,17414007
1418,17414001
1419,17413989
1420,17413988
1421,17413986
1422,17413980
1423,17413976
1424,17413960
1425,17413959
1426,17413957
1427,17413955
1428,17413952
1429,17413950
1430,17413948
1431,17413943
1432,17413940
1433,17413937
1434,17413930
1435,17413929
1436,17413926
1437,17413916
1438,17413915
1439,17413914
1440,17413912
1441,17413910
1442,17413909
1443,17413908
1444,17413906
1445,17413905
1446,17413904
1447,17413902
1448,17413901
1449,17413899
1450,17413883
1451,17413881
1452,17413879
1453,17413877
1454,17413873
1455,17413863
1456,17413862
1457,17413861
1458,17413859
1459,17413858
1460,17413857
1461,17413856
1462,17413850
1463,17413847
1464,17413845
1465,17413842
1466,17413840
1467,17413839
1468,17413838
1469,17413835
1470,17413822
1471,17413821
1472,17413817
1473,17413815
1474,17413814
1475,17413798
1476,17413794
1477,17413793
1478,17413790
1479,17413788
1480,17413778
1481,17413776
1482,17413773
1483,17413771
1484,17413769
1485,17413768
1486,17413751
1487,17413746
1488,17413744
1489,17413742
1490,17413741
1491,17413740
1492,17413738
1493,17413737
1494,17413736
1495,17413732
1496,17413727
1497,17413725
1498,17413721
1499,17413720
1500,17413719
1501,17413714
1502,17413713
1503,17413710
1504,17413703
1505,17413699
1506,17413698
1507,17413695
1508,17413694
1509,17413693
1510,17413692
1511,17413678
1512,17413677
1513,17413675
1514,17413674
1515,17413673
1516,17413671
1517,17413670
1518,17413652
1519,17413650
1520,17413648
1521,17413646
1522,17413644
1523,17413643
1524,17413642
1525,17413641
1526,17413640
1527,17413638
1528,17413635
1529,17413634
1530,17413631
1531,17413630
1532,17413625
1533,17413622
1534,17413618
1535,17413615
1536,17413614
1537,17413613
1538,17413600
1539,17413597
1540,17413594
1541,17413592
1542,17413591
1543,17413590
1544,17413584
1545,17413581
1546,17413578
1547,17413576
1548,17413575
1549,17413574
1550,17413573
1551,17413572
1552,17413567
1553,17413566
1554,17413563
1555,17413562
1556,17413560
1557,17413558
1558,17413555
1559,17413554
1560,17413551
1561,17413550
1562,17413549
1563,17413547
1564,17413542
1565,17413538
1566,17413530
1567,17413529
1568,17413528
1569,17413525
1570,17413519
1571,17413517
1572,17413513
1573,17413506
1574,17413492
1575,17413491
1576,17413490
1577,17413467
1578,17413466
1579,17413465
1580,17413463
1581,17413443
1582,17413439
1583,17413437
1584,17413436
1585,17413435
1586,17413434
1587,17413433
1588,17413432
1589,17413431
1590,17413430
1591,17413415
1592,17413412
1593,17413410
1594,17413400
1595,17413399
1596,17413391
1597,17413390
1598,17413388
1599,17413386
1600,17413385
1601,17413371
1602,17413370
1603,17413369
1604,17413359
1605,17413356
1606,17413355
1607,17413351
1608,17413322
1609,17413321
1610,17413320
1611,17413319
1612,17413315
1613,17413309
1614,17413307
1615,17413305
1616,17413292
1617,17413282
1618,17413260
1619,17413258
1620,17413250
1621,17413248
1622,17413238
1623,17413236
1624,17413233
1625,17413228
1626,17413227
1627,17413226
1628,17413223
1629,17413221
1630,17413216
1631,17413215
1632,17413212
1633,17413209
1634,17413208
1635,17413204
1636,17413203
1637,17413202
1638,17413200
1639,17413199
1640,17413198
1641,17413194
1642,17413192
1643,17413191
1644,17413189
1645,17413185
1646,17413178
1647,17413177
1648,17413171
1649,17413170
1650,17413167
1651,17413166
1652,17413165
1653,17413164
1654,17413156
1655,17413153
1656,17413152
1657,17413144
1658,17413142
1659,17413133
1660,17413131
1661,17413129
1662,17413128
1663,17413127
1664,17413125
1665,17413123
1666,17413121
1667,17413117
1668,17413115
1669,17413113
1670,17413112
1671,17413110
1672,17413109
1673,17413103
1674,17413100
1675,17413093
1676,17413092
1677,17413091
1678,17413090
1679,17413089
1680,17413087
1681,17413085
1682,17413084
1683,17413077
1684,17413076
1685,17413074
1686,17413049
1687,17413048
1688,17413046
1689,17413045
1690,17413042
1691,17413040
1692,17413030
1693,17413027
1694,17413024
1695,17413019
1696,17413014
1697,17413009
1698,17413007
1699,17413006
1700,17413005
1701,17413004
1702,17413003
1703,17413002
1704,17413001
1705,17412992
1706,17412990
1707,17412989
1708,17412987
1709,17412985
1710,17412984
1711,17412982
1712,17412981
1713,17412979
1714,17412978
1715,17412976
1716,17412975
1717,17412974
1718,17412954
1719,17412948
1720,17412947
1721,17412945
1722,17412942
1723,17412940
1724,17412939
1725,17412925
1726,17412924
1727,17412918
1728,17412917
1729,17412913
1730,17412912
1731,17412911
1732,17412909
1733,17412905
1734,17412896
1735,17412895
1736,17412894
1737,17412891
1738,17412888
1739,17412887
1740,17412885
1741,17412884
1742,17412882
1743,17412881
1744,17412880
1745,17412875
1746,17412873
1747,17412872
1748,17412870
1749,17412869
1750,17412864
1751,17412863
1752,17412862
1753,17412861
1754,17412860
1755,17412858
1756,17412856
1757,17412855
1758,17412853
1759,17412850
1760,17412694
1761,17412669
1762,17412668
1763,17412667
1764,17412664
1765,17412663
1766,17412662
1767,17412661
1768,17412638
1769,17412637
1770,17412633
1771,17412632
1772,17412631
1773,17412629
1774,17412628
1775,17412618
1776,17412608
1777,17412605
1778,17412604
1779,17412602
1780,17412601
1781,17412600
1782,17412598
1783,17412537
1784,17412536
1785,17412535
1786,17412516
1787,17412487
1788,17412464
1789,17412450
1790,17412428
1791,17412427
1792,17412426
1793,17412423
1794,17412422
1795,17412407
1796,17412390
1797,17412388
1798,17412387
1799,17412363
1800,17412349
1801,17412340
1802,17412338
1803,17412337
1804,17412293
1805,17412280
1806,17412279
1807,17412239
1808,17412236
1809,17412225
1810,17412221
1811,17412219
1812,17412218
1813,17412217
1814,17412216
1815,17412214
1816,17412209
1817,17412206
1818,17412204
1819,17412203
1820,17412200
1821,17412198
1822,17412197
1823,17412196
1824,17412192
1825,17412191
1826,17412186
1827,17412184
1828,17412183
1829,17412182
1830,17412181
1831,17412179
1832,17412178
1833,17412175
1834,17412174
1835,17412172
1836,17412168
1837,17412167
1838,17412166
1839,17412156
1840,17412155
1841,17412149
1842,17412145
1843,17412144
1844,17412143
1845,17412139
1846,17412137
1847,17412134
1848,17412130
1849,17412125
1850,17412117
1851,17412111
1852,17412108
1853,17412107
1854,17412104
1855,17412100
1856,17412099
1857,17412097
1858,17412095
1859,17412094
1860,17412089
1861,17412088
1862,17412085
1863,17412084
1864,17412083
1865,17412082
1866,17412080
1867,17412079
1868,17412078
1869,17412075
1870,17412074
1871,17412069
1872,17412065
1873,17412063
1874,17412059
1875,17412054
1876,17412052
1877,17412051
1878,17412046
1879,17412045
1880,17412042
1881,17412040
1882,17412039
1883,17412036
1884,17412035
1885,17412033
1886,17412032
1887,17412029
1888,17412027
1889,17412026
1890,17412025
1891,17412024
1892,17412023
1893,17412020
1894,17412013
1895,17412012
1896,17412011
1897,17412008
1898,17412003
1899,17412001
1900,17411998
1901,17411994
1902,17411986
1903,17411985
1904,17411982
1905,17411981
1906,17411979
1907,17411978
1908,17411975
1909,17411974
1910,17411972
1911,17411971
1912,17411968
1913,17411967
1914,17411966
1915,17411956
1916,17411955
1917,17411954
1918,17411953
1919,17411952
1920,17411949
1921,17411947
1922,17411946
1923,17411945
1924,17411944
1925,17411943
1926,17411942
1927,17411941
1928,17411940
1929,17411937
1930,17411933
1931,17411932
1932,17411931
1933,17411930
1934,17411925
1935,17411924
1936,17411922
1937,17411921
1938,17411919
1939,17411918
1940,17411917
1941,17411915
1942,17411914
1943,17411910
1944,17411909
1945,17411907
1946,17411906
1947,17411904
1948,17411903
1949,17411902
1950,17411899
1951,17411895
1952,17411894
1953,17411893
1954,17411891
1955,17411887
1956,17411886
1957,17411882
1958,17411881
1959,17411880
1960,17411879
1961,17411877
1962,17411874
1963,17411867
1964,17411863
1965,17411853
1966,17411842
1967,17411839
1968,17411836
1969,17411833
1970,17411825
1971,17411823
1972,17411819
1973,17411818
1974,17411816
1975,17411815
1976,17411814
1977,17411813
1978,17411810
1979,17411809
1980,17411805
1981,17411797
1982,17411796
1983,17411793
1984,17411792
1985,17411786
1986,17411785
1987,17411782
1988,17411781
1989,17411780
1990,17411779
1991,17411776
1992,17411775
1993,17411770
1994,17411769
1995,17411767
1996,17411766
1997,17411765
1998,17411753
1999,17411751
2000,17411747
2001,17411746
2002,17411745
2003,17411744
2004,17411743
2005,17411740
2006,17411738
2007,17411737
2008,17411736
2009,17411732
2010,17411729
2011,17411728
2012,17411723
2013,17411711
2014,17411709
2015,17411708
2016,17411707
2017,17411706
2018,17411703
2019,17411696
2020,17411695
2021,17411692
2022,17411679
2023,17411668
2024,17411666
2025,17411662
2026,17411658
2027,17411654
2028,17411650
2029,17411647
2030,17411643
2031,17411641
2032,17411636
2033,17411635
2034,17411634
2035,17411633
2036,17411620
2037,17411619
2038,17411618
2039,17411608
2040,17411605
2041,17411601
2042,17411600
2043,17411599
2044,17411598
2045,17411594
2046,17411593
2047,17411592
2048,17411591
2049,17411588
2050,17411585
2051,17411581
2052,17411549
2053,17411543
2054,17411542
2055,17411541
2056,17411538
2057,17411536
2058,17411532
2059,17411531
2060,17411529
2061,17411527
2062,17411514
2063,17411504
2064,17411501
2065,17411486
2066,17411484
2067,17411479
2068,17411477
2069,17411476
2070,17411475
2071,17411474
2072,17411473
2073,17411461
2074,17411452
2075,17411450
2076,17411449
2077,17411446
2078,17411442
2079,17411436
2080,17411421
2081,17411420
2082,17411416
2083,17411415
2084,17411412
2085,17411402
2086,17411401
2087,17411398
2088,17411396
2089,17411392
2090,17411391
2091,17411390
2092,17411388
2093,17411387
2094,17411373
2095,17411372
2096,17411371
2097,17411368
2098,17411367
2099,17411366
2100,17411365
2101,17411364
2102,17411359
2103,17411354
2104,17411349
2105,17411347
2106,17411338
2107,17411336
2108,17411333
2109,17411327
2110,17411322
2111,17411321
2112,17411315
2113,17411314
2114,17411313
2115,17411309
2116,17411305
2117,17411299
2118,17411298
2119,17411296
2120,17411295
2121,17411294
2122,17411292
2123,17411286
2124,17411280
2125,17411277
2126,17411271
2127,17411269
2128,17411268
2129,17411265
2130,17411259
2131,17411258
2132,17411253
2133,17411249
2134,17411248
2135,17411245
2136,17411238
2137,17411237
2138,17411235
2139,17411233
2140,17411232
2141,17411229
2142,17411224
2143,17411223
2144,17411222
2145,17411219
2146,17411210
2147,17411207
2148,17411199
2149,17411195
2150,17411193
2151,17411192
2152,17411191
2153,17411190
2154,17411188
2155,17411187
2156,17411185
2157,17411184
2158,17411183
2159,17411180
2160,17411179
2161,17411177
2162,17411175
2163,17411170
2164,17411165
2165,17411163
2166,17411160
2167,17411152
2168,17411151
2169,17411147
2170,17411144
2171,17411142
2172,17411141
2173,17411133
2174,17411123
2175,17411122
2176,17411121
2177,17411110
2178,17411108
2179,17411107
2180,17411104
2181,17411102
2182,17411101
2183,17411089
2184,17411084
2185,17411082
2186,17411059
2187,17411058
2188,17411051
2189,17411049
2190,17411046
2191,17411045
2192,17411042
2193,17411029
2194,17411028
2195,17411027
2196,17411022
2197,17411012
2198,17411010
2199,17411005
2200,17411004
2201,17411003
2202,17411002
2203,17410999
2204,17410998
2205,17410991
2206,17410990
2207,17410977
2208,17410970
2209,17410966
2210,17410964
2211,17410948
2212,17410940
2213,17410937
2214,17410936
2215,17410933
2216,17410918
2217,17410914
2218,17410913
2219,17410910
2220,17410903
2221,17410901
2222,17410900
2223,17410899
2224,17410895
2225,17410894
2226,17410893
2227,17410891
2228,17410890
2229,17410889
2230,17410887
2231,17410885
2232,17410884
2233,17410883
2234,17410878
2235,17410877
2236,17410863
2237,17410849
2238,17410845
2239,17410843
2240,17410841
2241,17410839
2242,17410838
2243,17410837
2244,17410835
2245,17410834
2246,17410815
2247,17410813
2248,17410797
2249,17410791
2250,17410781
2251,17410777
2252,17410771
2253,17410767
2254,17410763
2255,17410760
2256,17410758
2257,17410752
2258,17410747
2259,17410735
2260,17410731
2261,17410729
2262,17410726
2263,17410723
2264,17410721
2265,17410719
2266,17410718
2267,17410714
2268,17410697
2269,17410679
2270,17410677
2271,17410657
2272,17410651
2273,17410648
2274,17410640
2275,17410639
2276,17410634
2277,17410628
2278,17410615
2279,17410614
2280,17410600
2281,17410598
2282,17410597
2283,17410595
2284,17410593
2285,17410585
2286,17410584
2287,17410572
2288,17410570
2289,17410568
2290,17410563
2291,17410552
2292,17410551
2293,17410548
2294,17410547
2295,17410541
2296,17410538
2297,17410529
2298,17410523
2299,17410520
2300,17410519
2301,17410517
2302,17410513
2303,17410509
2304,17410504
2305,17410497
2306,17410491
2307,17410486
2308,17410479
2309,17410460
2310,17410453
2311,17410448
2312,17410437
2313,17410434
2314,17410429
2315,17410422
2316,17410419
2317,17410418
2318,17410413
2319,17410408
2320,17410405
2321,17410402
2322,17410401
2323,17410399
2324,17410395
2325,17410394
2326,17410393
2327,17410392
2328,17410389
2329,17410385
2330,17410384
2331,17410378
2332,17410376
2333,17410375
2334,17410374
2335,17410368
2336,17410366
2337,17410364
2338,17410363
2339,17410361
2340,17410360
2341,17410352
2342,17410350
2343,17410342
2344,17410336
2345,17410334
2346,17410321
2347,17410319
2348,17410316
2349,17410315
2350,17410314
2351,17410311
2352,17410310
2353,17410309
2354,17410304
2355,17410303
2356,17410301
2357,17410300
2358,17410297
2359,17410296
2360,17410295
2361,17410292
2362,17410291
2363,17410289
2364,17410287
2365,17410286
2366,17410283
2367,17410280
2368,17410278
2369,17410276
2370,17410274
2371,17410272
2372,17410270
2373,17410267
2374,17410265
2375,17410263
2376,17410259
2377,17410258
2378,17410257
2379,17410252
2380,17410247
2381,17410246
2382,17410244
2383,17410242
2384,17410240
2385,17410237
2386,17410228
2387,17410225
2388,17410220
2389,17410219
2390,17410218
2391,17410217
2392,17410216
2393,17410207
2394,17410206
2395,17410203
2396,17410201
2397,17410200
2398,17410197
2399,17410196
2400,17410188
2401,17410184
2402,17410181
2403,17410179
2404,17410178
2405,17410177
2406,17410172
2407,17410167
2408,17410159
2409,17410157
2410,17410156
2411,17410154
2412,17410153
2413,17410152
2414,17410151
2415,17410150
2416,17410149
2417,17410145
2418,17410140
2419,17410114
2420,17410113
2421,17410108
2422,17410103
2423,17410102
2424,17410096
2425,17410095
2426,17410090
2427,17410089
2428,17410087
2429,17410086
2430,17410081
2431,17410077
2432,17410074
2433,17410072
2434,17410065
2435,17410064
2436,17410062
2437,17410061
2438,17410060
2439,17410051
2440,17410050
2441,17410045
2442,17410041
2443,17410039
2444,17410037
2445,17410036
2446,17410035
2447,17410029
2448,17410028
2449,17410027
2450,17410024
2451,17410020
2452,17410015
2453,17410013
2454,17410012
2455,17410011
2456,17410010
2457,17410006
2458,17410005
2459,17410003
2460,17410001
2461,17409999
2462,17409993
2463,17409992
2464,17409987
2465,17409982
2466,17409976
2467,17409972
2468,17409971
2469,17409970
2470,17409969
2471,17409967
2472,17409966
2473,17409964
2474,17409962
2475,17409961
2476,17409955
2477,17409951
2478,17409947
2479,17409946
2480,17409944
2481,17409940
2482,17409939
2483,17409936
2484,17409931
2485,17409927
2486,17409926
2487,17409920
2488,17409919
2489,17409918
2490,17409914
2491,17409911
2492,17409910
2493,17409906
2494,17409905
2495,17409903
2496,17409902
2497,17409901
2498,17409899
2499,17409897
2500,17409896
2501,17409895
2502,17409894
2503,17409892
2504,17409885
2505,17409884
2506,17409879
2507,17409873
2508,17409868
2509,17409867
2510,17409863
2511,17409857
2512,17409856
2513,17409855
2514,17409853
2515,17409849
2516,17409848
2517,17409843
2518,17409841
2519,17409839
2520,17409838
2521,17409836
2522,17409832
2523,17409827
2524,17409825
2525,17409821
2526,17409810
2527,17409809
2528,17409807
2529,17409804
2530,17409793
2531,17409790
2532,17409788
2533,17409787
2534,17409786
2535,17409785
2536,17409779
2537,17409778
2538,17409773
2539,17409766
2540,17409765
2541,17409764
2542,17409761
2543,17409758
2544,17409755
2545,17409754
2546,17409753
2547,17409746
2548,17409741
2549,17409734
2550,17409732
2551,17409730
2552,17409722
2553,17409719
2554,17409715
2555,17409713
2556,17409712
2557,17409711
2558,17409710
2559,17409709
2560,17409707
2561,17409696
2562,17409692
2563,17409689
2564,17409684
2565,17409682
2566,17409680
2567,17409676
2568,17409672
2569,17409662
2570,17409661
2571,17409648
2572,17409647
2573,17409643
2574,17409641
2575,17409630
2576,17409629
2577,17409628
2578,17409618
2579,17409607
2580,17409604
2581,17409602
2582,17409600
2583,17409598
2584,17409584
2585,17409578
2586,17409555
2587,17409547
2588,17409531
2589,17409527
2590,17409525
2591,17409519
2592,17409518
2593,17409513
2594,17409512
2595,17409486
2596,17409465
2597,17409459
2598,17409454
2599,17409453
2600,17409449
2601,17409448
2602,17409447
2603,17409437
2604,17409435
2605,17409426
2606,17409424
2607,17409421
2608,17409415
2609,17409403
2610,17409399
2611,17409390
2612,17409389
2613,17409387
2614,17409373
2615,17409372
2616,17409368
2617,17409365
2618,17409356
2619,17409351
2620,17409335
2621,17409334
2622,17409333
2623,17409332
2624,17409331
2625,17409330
2626,17409327
2627,17409323
2628,17409319
2629,17409318
2630,17409316
2631,17409315
2632,17409308
2633,17409306
2634,17409303
2635,17409301
2636,17409299
2637,17409295
2638,17409294
2639,17409291
2640,17409283
2641,17409280
2642,17409274
2643,17409273
2644,17409271
2645,17409268
2646,17409267
2647,17409262
2648,17409257
2649,17409250
2650,17409248
2651,17409247
2652,17409237
2653,17409236
2654,17409235
2655,17409233
2656,17409227
2657,17409219
2658,17409218
2659,17409207
2660,17409201
2661,17409196
2662,17409192
2663,17409191
2664,17409187
2665,17409186
2666,17409175
2667,17409174
2668,17409161
2669,17409151
2670,17409144
2671,17409141
2672,17409139
2673,17409130
2674,17409128
2675,17409126
2676,17409124
2677,17409123
2678,17409119
2679,17409115
2680,17409114
2681,17409112
2682,17409111
2683,17409109
2684,17409107
2685,17409104
2686,17409100
2687,17409098
2688,17409086
2689,17409085
2690,17409084
2691,17409081
2692,17409080
2693,17409072
2694,17409067
2695,17409064
2696,17409063
2697,17409062
2698,17409061
2699,17409060
2700,17409058
2701,17409044
2702,17409042
2703,17409041
2704,17409035
2705,17409031
2706,17409027
2707,17409026
2708,17409025
2709,17409017
2710,17409016
2711,17409014
2712,17409013
2713,17409010
2714,17409009
2715,17409008
2716,17409007
2717,17409006
2718,17408999
2719,17408996
2720,17408994
2721,17408993
2722,17408992
2723,17408990
2724,17408988
2725,17408985
2726,17408980
2727,17408977
2728,17408975
2729,17408974
2730,17408970
2731,17408969
2732,17408967
2733,17408965
2734,17408964
2735,17408963
2736,17408962
2737,17408960
2738,17408959
2739,17408957
2740,17408954
2741,17408953
2742,17408952
2743,17408948
2744,17408947
2745,17408945
2746,17408944
2747,17408942
2748,17408941
2749,17408938
2750,17408937
2751,17408936
2752,17408933
2753,17408932
2754,17408931
2755,17408929
2756,17408928
2757,17408927
2758,17408926
2759,17408925
2760,17408923
2761,17408920
2762,17408915
2763,17408914
2764,17408907
2765,17408906
2766,17408905
2767,17408904
2768,17408903
2769,17408902
2770,17408901
2771,17408893
2772,17408891
2773,17408890
2774,17408886
2775,17408883
2776,17408882
2777,17408880
2778,17408878
2779,17408876
2780,17408874
2781,17408872
2782,17408870
2783,17408869
2784,17408868
2785,17408866
2786,17408865
2787,17408864
2788,17408863
2789,17408859
2790,17408858
2791,17408852
2792,17408850
2793,17408847
2794,17408845
2795,17408844
2796,17408842
2797,17408841
2798,17408840
2799,17408838
2800,17408837
2801,17408828
2802,17408826
2803,17408823
2804,17408821
2805,17408818
2806,17408817
2807,17408816
2808,17408813
2809,17408812
2810,17408809
2811,17408808
2812,17408806
2813,17408805
2814,17408800
2815,17408799
2816,17408796
2817,17408788
2818,17408787
2819,17408785
2820,17408784
2821,17408782
2822,17408780
2823,17408777
2824,17408775
2825,17408772
2826,17408771
2827,17408770
2828,17408766
2829,17408761
2830,17408753
2831,17408751
2832,17408750
2833,17408749
2834,17408737
2835,17408736
2836,17408732
2837,17408731
2838,17408729
2839,17408728
2840,17408724
2841,17408723
2842,17408722
2843,17408719
2844,17408698
2845,17408692
2846,17408691
2847,17408688
2848,17408682
2849,17408679
2850,17408677
2851,17408673
2852,17408670
2853,17408666
2854,17408661
2855,17408654
2856,17408653
2857,17408652
2858,17408645
2859,17408644
2860,17408638
2861,17408635
2862,17408633
2863,17408631
2864,17408630
2865,17408626
2866,17408624
2867,17408616
2868,17408614
2869,17408612
2870,17408611
2871,17408603
2872,17408602
2873,17408599
2874,17408596
2875,17408594
2876,17408592
2877,17408591
2878,17408588
2879,17408586
2880,17408580
2881,17408576
2882,17408574
2883,17408567
2884,17408566
2885,17408565
2886,17408564
2887,17408563
2888,17408561
2889,17408560
2890,17408559
2891,17408557
2892,17408556
2893,17408551
2894,17408550
2895,17408549
2896,17408548
2897,17408547
2898,17408545
2899,17408544
2900,17408542
2901,17408540
2902,17408536
2903,17408535
2904,17408531
2905,17408514
2906,17408511
2907,17408507
2908,17408503
2909,17408501
2910,17408497
2911,17408495
2912,17408492
2913,17408490
2914,17408486
2915,17408479
2916,17408478
2917,17408473
2918,17408471
2919,17408469
2920,17408467
2921,17408466
2922,17408464
2923,17408461
2924,17408460
2925,17408457
2926,17408453
2927,17408443
2928,17408440
2929,17408439
2930,17408438
2931,17408434
2932,17408431
2933,17408416
2934,17408412
2935,17408410
2936,17408407
2937,17408406
2938,17408402
2939,17408396
2940,17408389
2941,17408388
2942,17408386
2943,17408383
2944,17408379
2945,17408372
2946,17408341
2947,17408317
2948,17408316
2949,17408311
2950,17408310
2951,17408309
2952,17408308
2953,17408298
2954,17408288
2955,17408278
2956,17408269
2957,17408267
2958,17408266
2959,17408265
2960,17408254
2961,17408252
2962,17408241
2963,17408236
2964,17408235
2965,17408233
2966,17408225
2967,17408216
2968,17408211
2969,17408209
2970,17408203
2971,17408196
2972,17408193
2973,17408189
2974,17408188
2975,17408182
2976,17408181
2977,17408180
2978,17408178
2979,17408176
2980,17408170
2981,17408168
2982,17408167
2983,17408164
2984,17408163
2985,17408161
2986,17408159
2987,17408155
2988,17408154
2989,17408146
2990,17408135
2991,17408129
2992,17408122
2993,17408113
2994,17408112
2995,17408111
2996,17408104
2997,17408101
2998,17408097
2999,17408096
3000,17408090
3001,17408087
3002,17408086
3003,17408080
3004,17408079
3005,17408078
3006,17408069
3007,17408067
3008,17408064
3009,17408057
3010,17408052
3011,17408035
3012,17408034
3013,17408033
3014,17408031
3015,17408024
3016,17408020
3017,17408015
3018,17408012
3019,17408009
3020,17408007
3021,17408005
3022,17408004
3023,17407999
3024,17407998
3025,17407991
3026,17407987
3027,17407973
3028,17407969
3029,17407958
3030,17407953
3031,17407951
3032,17407950
3033,17407949
3034,17407947
3035,17407936
3036,17407935
3037,17407930
3038,17407919
3039,17407913
3040,17407891
3041,17407886
3042,17407870
3043,17407869
3044,17407857
3045,17407855
3046,17407837
3047,17407829
3048,17407827
3049,17407826
3050,17407825
3051,17407819
3052,17407817
3053,17407813
3054,17407812
3055,17407811
3056,17407809
3057,17407802
3058,17407794
3059,17407793
3060,17407770
3061,17407765
3062,17407755
3063,17407743
3064,17407739
3065,17407733
3066,17407730
3067,17407728
3068,17407726
3069,17407725
3070,17407720
3071,17407710
3072,17407707
3073,17407700
3074,17407697
3075,17407674
3076,17407666
3077,17407663
3078,17407654
3079,17407652
3080,17407638
3081,17407636
3082,17407634
3083,17407632
3084,17407631
3085,17407618
3086,17407615
3087,17407603
3088,17407600
3089,17407598
3090,17407597
3091,17407595
3092,17407594
3093,17407590
3094,17407584
3095,17407576
3096,17407575
3097,17407573
3098,17407572
3099,17407569
3100,17407556
3101,17407542
3102,17407540
3103,17407526
3104,17407523
3105,17407522
3106,17407520
3107,17407519
3108,17407518
3109,17407515
3110,17407514
3111,17407513
3112,17407511
3113,17407509
3114,17407505
3115,17407497
3116,17407496
3117,17407495
3118,17407494
3119,17407493
3120,17407492
3121,17407489
3122,17407488
3123,17407487
3124,17407486
3125,17407485
3126,17407484
3127,17407483
3128,17407482
3129,17407477
3130,17407476
3131,17407475
3132,17407471
3133,17407470
3134,17407469
3135,17407468
3136,17407466
3137,17407462
3138,17407459
3139,17407457
3140,17407452
3141,17407448
3142,17407443
3143,17407395
3144,17407378
3145,17407375
3146,17407363
3147,17407358
3148,17407354
3149,17407349
3150,17407348
3151,17407347
3152,17407344
3153,17407343
3154,17407341
3155,17407339
3156,17407331
3157,17407320
3158,17407316
3159,17407311
3160,17407307
3161,17407306
3162,17407292
3163,17407291
3164,17407290
3165,17407263
3166,17407260
3167,17407258
3168,17407252
3169,17407250
3170,17407246
3171,17407244
3172,17407235
3173,17407230
3174,17407226
3175,17407225
3176,17407224
3177,17407219
3178,17407215
3179,17407213
3180,17407212
3181,17407204
3182,17407203
3183,17407199
3184,17407198
3185,17407191
3186,17407190
3187,17407189
3188,17407188
3189,17407186
3190,17407183
3191,17407179
3192,17407169
3193,17407162
3194,17407146
3195,17407138
3196,17407132
3197,17407130
3198,17407128
3199,17407126
3200,17407125
3201,17407124
3202,17407122
3203,17407112
3204,17407107
3205,17407104
3206,17407103
3207,17407100
3208,17407098
3209,17407096
3210,17407094
3211,17407092
3212,17407091
3213,17407085
3214,17407084
3215,17407083
3216,17407078
3217,17407077
3218,17407076
3219,17407075
3220,17407074
3221,17407068
3222,17407067
3223,17407066
3224,17407065
3225,17407063
3226,17407061
3227,17407058
3228,17407055
3229,17407053
3230,17407049
3231,17407047
3232,17407046
3233,17407045
3234,17407038
3235,17407037
3236,17407035
3237,17407033
3238,17407031
3239,17407027
3240,17407026
3241,17407018
3242,17407015
3243,17407010
3244,17407009
3245,17407007
3246,17407004
3247,17407003
3248,17407001
3249,17406994
3250,17406991
3251,17406990
3252,17406987
3253,17406985
3254,17406979
3255,17406976
3256,17406974
3257,17406973
3258,17406971
3259,17406970
3260,17406968
3261,17406967
3262,17406964
3263,17406963
3264,17406962
3265,17406961
3266,17406959
3267,17406957
3268,17406956
3269,17406955
3270,17406954
3271,17406953
3272,17406952
3273,17406951
3274,17406950
3275,17406949
3276,17406948
3277,17406943
3278,17406941
3279,17406940
3280,17406939
3281,17406938
3282,17406935
3283,17406934
3284,17406933
3285,17406932
3286,17406931
3287,17406928
3288,17406927
3289,17406923
3290,17406922
3291,17406920
3292,17406916
3293,17406915
3294,17406914
3295,17406913
3296,17406912
3297,17406910
3298,17406908
3299,17406906
3300,17406903
3301,17406902
3302,17406901
3303,17406900
3304,17406898
3305,17406897
3306,17406896
3307,17406895
3308,17406894
3309,17406893
3310,17406891
3311,17406888
3312,17406887
3313,17406885
3314,17406883
3315,17406882
3316,17406881
3317,17406880
3318,17406877
3319,17406875
3320,17406874
3321,17406873
3322,17406872
3323,17406870
3324,17406869
3325,17406868
3326,17406866
3327,17406864
3328,17406863
3329,17406862
3330,17406860
3331,17406858
3332,17406857
3333,17406855
3334,17406847
3335,17406845
3336,17406844
3337,17406843
3338,17406840
3339,17406839
3340,17406838
3341,17406836
3342,17406834
3343,17406829
3344,17406828
3345,17406827
3346,17406826
3347,17406824
3348,17406823
3349,17406822
3350,17406821
3351,17406820
3352,17406818
3353,17406816
3354,17406815
3355,17406813
3356,17406812
3357,17406809
3358,17406807
3359,17406806
3360,17406804
3361,17406803
3362,17406801
3363,17406800
3364,17406799
3365,17406797
3366,17406796
3367,17406795
3368,17406794
3369,17406793
3370,17406791
3371,17406790
3372,17406789
3373,17406786
3374,17406785
3375,17406784
3376,17406783
3377,17406782
3378,17406781
3379,17406780
3380,17406779
3381,17406777
3382,17406773
3383,17406769
3384,17406768
3385,17406766
3386,17406764
3387,17406763
3388,17406762
3389,17406761
3390,17406760
3391,17406758
3392,17406756
3393,17406755
3394,17406754
3395,17406752
3396,17406749
3397,17406748
3398,17406746
3399,17406743
3400,17406740
3401,17406737
3402,17406735
3403,17406734
3404,17406733
3405,17406732
3406,17406729
3407,17406728
3408,17406727
3409,17406726
3410,17406725
3411,17406724
3412,17406723
3413,17406721
3414,17406720
3415,17406716
3416,17406713
3417,17406712
3418,17406709
3419,17406708
3420,17406707
3421,17406706
3422,17406705
3423,17406700
3424,17406699
3425,17406693
3426,17406692
3427,17406691
3428,17406688
3429,17406682
3430,17406681
3431,17406678
3432,17406677
3433,17406675
3434,17406673
3435,17406671
3436,17406669
3437,17406667
3438,17406665
3439,17406664
3440,17406663
3441,17406662
3442,17406660
3443,17406659
3444,17406657
3445,17406656
3446,17406654
3447,17406653
3448,17406652
3449,17406650
3450,17406648
3451,17406647
3452,17406642
3453,17406641
3454,17406638
3455,17406637
3456,17406636
3457,17406635
3458,17406632
3459,17406629
3460,17406627
3461,17406624
3462,17406623
3463,17406621
3464,17406617
3465,17406616
3466,17406615
3467,17406614
3468,17406611
3469,17406610
3470,17406609
3471,17406608
3472,17406606
3473,17406602
3474,17406600
3475,17406599
3476,17406597
3477,17406596
3478,17406594
3479,17406592
3480,17406590
3481,17406589
3482,17406579
3483,17406577
3484,17406575
3485,17406574
3486,17406573
3487,17406572
3488,17406571
3489,17406570
3490,17406569
3491,17406566
3492,17406563
3493,17403680
3494,17403679
3495,17403677
3496,17403676
3497,17403675
3498,17403673
3499,17403670
3500,17403669
3501,17403661
3502,17403654
3503,17403651
3504,17403650
3505,17403648
3506,17403646
3507,17403634
3508,17403618
3509,17403617
3510,17403614
3511,17403606
3512,17403603
3513,17403599
3514,17403592
3515,17403588
3516,17403587
3517,17403585
3518,17403580
3519,17403579
3520,17403578
3521,17403566
3522,17403560
3523,17403553
3524,17403551
3525,17403548
3526,17403546
3527,17403543
3528,17403540
3529,17403536
3530,17403527
3531,17403525
3532,17403524
3533,17403519
3534,17403500
3535,17403498
3536,17403496
3537,17403493
3538,17403492
3539,17403489
3540,17403488
3541,17403487
3542,17403486
3543,17403485
3544,17403483
3545,17403480
3546,17403479
3547,17403476
3548,17403475
3549,17403474
3550,17403469
3551,17403468
3552,17403467
3553,17403465
3554,17403462
3555,17403460
3556,17403456
3557,17403454
3558,17403451
3559,17403449
3560,17403447
3561,17403446
3562,17403442
3563,17403440
3564,17403437
3565,17403436
3566,17403434
3567,17403432
3568,17403429
3569,17403427
3570,17403423
3571,17403420
3572,17403417
3573,17403413
3574,17403406
3575,17403402
3576,17403401
3577,17403400
3578,17403398
3579,17403395
3580,17403393
3581,17403391
3582,17403388
3583,17403384
3584,17403382
3585,17403378
3586,17403371
3587,17403364
3588,17403362
3589,17403361
3590,17403360
3591,17403356
3592,17403351
3593,17403348
3594,17403339
3595,17403337
3596,17403334
3597,17403332
3598,17403329
3599,17403327
3600,17403324
3601,17403322
3602,17403321
3603,17403320
3604,17403319
3605,17403318
3606,17403314
3607,17403312
3608,17403311
3609,17403309
3610,17403307
3611,17403306
3612,17403303
3613,17403302
3614,17403298
3615,17403296
3616,17403295
3617,17403290
3618,17403288
3619,17403287
3620,17403283
3621,17403282
3622,17403277
3623,17403276
3624,17403274
3625,17403270
3626,17403268
3627,17403266
3628,17403265
3629,17403264
3630,17403263
3631,17403252
3632,17403246
3633,17403244
3634,17403234
3635,17403233
3636,17403232
3637,17403231
3638,17403229
3639,17403228
3640,17403226
3641,17403225
3642,17403221
3643,17403216
3644,17403213
3645,17403212
3646,17403208
3647,17403206
3648,17403188
3649,17403186
3650,17403185
3651,17403183
3652,17403180
3653,17403177
3654,17403172
3655,17403168
3656,17403166
3657,17403156
3658,17403155
3659,17403132
3660,17403118
3661,17403117
3662,17403112
3663,17403111
3664,17403103
3665,17403093
3666,17403082
3667,17403071
3668,17403069
3669,17403068
3670,17403061
3671,17403060
3672,17403059
3673,17403050
3674,17403046
3675,17403037
3676,17403023
3677,17403017
3678,17403013
3679,17403004
3680,17402999
3681,17402996
3682,17402992
3683,17402991
3684,17402987
3685,17402986
3686,17402985
3687,17402983
3688,17402982
3689,17402975
3690,17402973
3691,17402970
3692,17402965
3693,17402961
3694,17402960
3695,17402959
3696,17402956
3697,17402955
3698,17402954
3699,17402952
3700,17402950
3701,17402947
3702,17402943
3703,17402938
3704,17402934
3705,17402932
3706,17402928
3707,17402913
3708,17402911
3709,17402907
3710,17402906
3711,17402904
3712,17402903
3713,17402902
3714,17402899
3715,17402893
3716,17402890
3717,17402889
3718,17402887
3719,17402883
3720,17402876
3721,17402867
3722,17402865
3723,17402864
3724,17402854
3725,17402839
3726,17402838
3727,17402836
3728,17402834
3729,17402830
3730,17402827
3731,17402826
3732,17402824
3733,17402807
3734,17402806
3735,17402799
3736,17402794
3737,17402791
3738,17402789
3739,17402779
3740,17402772
3741,17402769
3742,17402767
3743,17402766
3744,17402758
3745,17402756
3746,17402755
3747,17402754
3748,17402750
3749,17402747
3750,17402746
3751,17402744
3752,17402733
3753,17402732
3754,17402730
3755,17402724
3756,17402718
3757,17402716
3758,17402708
3759,17402706
3760,17402704
3761,17402702
3762,17402700
3763,17402699
3764,17402698
3765,17402693
3766,17402684
3767,17402680
3768,17402678
3769,17402677
3770,17402673
3771,17402670
3772,17402667
3773,17402652
3774,17402640
3775,17402636
3776,17402633
3777,17402632
3778,17402620
3779,17402612
3780,17402609
3781,17402607
3782,17402591
3783,17402586
3784,17402585
3785,17402581
3786,17402577
3787,17402576
3788,17402575
3789,17402574
3790,17402572
3791,17402570
3792,17402569
3793,17402562
3794,17402560
3795,17402551
3796,17402543
3797,17402542
3798,17402540
3799,17402536
3800,17402534
3801,17402532
3802,17402531
3803,17402530
3804,17402526
3805,17402522
3806,17402506
3807,17402505
3808,17402504
3809,17402502
3810,17402499
3811,17402497
3812,17402492
3813,17402490
3814,17402489
3815,17402488
3816,17402468
3817,17402466
3818,17402462
3819,17402455
3820,17402451
3821,17402449
3822,17402441
3823,17402440
3824,17402436
3825,17402434
3826,17402429
3827,17402428
3828,17402424
3829,17402421
3830,17402419
3831,17402417
3832,17402416
3833,17402414
3834,17402411
3835,17402410
3836,17402407
3837,17402406
3838,17402405
3839,17402403
3840,17402401
3841,17402400
3842,17402398
3843,17402397
3844,17402394
3845,17402392
3846,17402391
3847,17402390
3848,17402389
3849,17402387
3850,17402384
3851,17402376
3852,17402372
3853,17402368
3854,17402366
3855,17402362
3856,17402359
3857,17402353
3858,17402350
3859,17402346
3860,17402345
3861,17402344
3862,17402343
3863,17402339
3864,17402337
3865,17402336
3866,17402335
3867,17402334
3868,17402328
3869,17402320
3870,17402317
3871,17402316
3872,17402314
3873,17402310
3874,17402307
3875,17402301
3876,17402298
3877,17402297
3878,17402296
3879,17402285
3880,17402278
3881,17402273
3882,17402269
3883,17402268
3884,17402265
3885,17402262
3886,17402261
3887,17402258
3888,17402257
3889,17402255
3890,17402254
3891,17402252
3892,17402251
3893,17402250
3894,17402247
3895,17402246
3896,17402244
3897,17402242
3898,17402238
3899,17402237
3900,17402236
3901,17402235
3902,17402234
3903,17402232
3904,17402229
3905,17402227
3906,17402226
3907,17402225
3908,17402223
3909,17402222
3910,17402218
3911,17402217
3912,17402213
3913,17402211
3914,17402206
3915,17402191
3916,17402189
3917,17402184
3918,17402176
3919,17402172
3920,17402171
3921,17402169
3922,17402168
3923,17402164
3924,17402161
3925,17402155
3926,17402151
3927,17402150
3928,17402148
3929,17402146
3930,17402141
3931,17402138
3932,17402131
3933,17402129
3934,17402124
3935,17402119
3936,17402118
3937,17402116
3938,17402114
3939,17402113
3940,17402111
3941,17402107
3942,17402106
3943,17402104
3944,17402100
3945,17402099
3946,17402084
3947,17402078
3948,17402077
3949,17402076
3950,17402075
3951,17402068
3952,17402067
3953,17402066
3954,17402063
3955,17402060
3956,17402055
3957,17402054
3958,17402048
3959,17402046
3960,17402044
3961,17402043
3962,17402042
3963,17402038
3964,17402035
3965,17402032
3966,17402029
3967,17402027
3968,17402023
3969,17402021
3970,17402019
3971,17402018
3972,17402016
3973,17402010
3974,17402007
3975,17402005
3976,17402001
3977,17402000
3978,17401998
3979,17401996
3980,17401994
3981,17401993
3982,17401990
3983,17401989
3984,17401987
3985,17401983
3986,17401982
3987,17401981
3988,17401972
3989,17401971
3990,17401970
3991,17401966
3992,17401965
3993,17401963
3994,17401962
3995,17401961
3996,17401960
3997,17401959
3998,17401957
3999,17401953
4000,17401951
4001,17401936
4002,17401935
4003,17401934
4004,17401931
4005,17401917
4006,17401916
4007,17401912
4008,17401911
4009,17401900
4010,17401898
4011,17401897
4012,17401896
4013,17401894
4014,17401892
4015,17401890
4016,17401886
4017,17401885
4018,17401881
4019,17401880
4020,17401878
4021,17401876
4022,17401873
4023,17401870
4024,17401869
4025,17401867
4026,17401866
4027,17401865
4028,17401855
4029,17401854
4030,17401852
4031,17401849
4032,17401845
4033,17401836
4034,17401814
4035,17401760
4036,17401711
4037,17401693
4038,17401543
4039,17401541
4040,17401531
4041,17401516
4042,17401487
4043,17401485
4044,17401483
4045,17401482
4046,17401478
4047,17401476
4048,17401474
4049,17401472
4050,17401471
4051,17401468
4052,17401467
4053,17401464
4054,17401462
4055,17401457
4056,17401456
4057,17401455
4058,17401454
4059,17401450
4060,17401447
4061,17401445
4062,17401436
4063,17401433
4064,17401431
4065,17401428
4066,17401425
4067,17401424
4068,17401423
4069,17401422
4070,17401421
4071,17401420
4072,17401419
4073,17401417
4074,17401412
4075,17401408
4076,17401406
4077,17401404
4078,17401402
4079,17401401
4080,17401400
4081,17401395
4082,17401391
4083,17401386
4084,17401382
4085,17401377
4086,17401374
4087,17401357
4088,17401351
4089,17401350
4090,17401348
4091,17401344
4092,17401343
4093,17401342
4094,17401339
4095,17401336
4096,17401333
4097,17401329
4098,17401327
4099,17401325
4100,17401324
4101,17401322
4102,17401320
4103,17401319
4104,17401318
4105,17401317
4106,17401316
4107,17401315
4108,17401313
4109,17401311
4110,17401310
4111,17401309
4112,17401306
4113,17401300
4114,17401299
4115,17401294
4116,17401289
4117,17401288
4118,17401281
4119,17401280
4120,17401278
4121,17401274
4122,17401266
4123,17401265
4124,17401264
4125,17401262
4126,17401261
4127,17401254
4128,17401253
4129,17401249
4130,17401248
4131,17401247
4132,17401244
4133,17401241
4134,17401239
4135,17401236
4136,17401235
4137,17401234
4138,17401231
4139,17401220
4140,17401216
4141,17401215
4142,17401212
4143,17401211
4144,17401210
4145,17401208
4146,17401207
4147,17401206
4148,17401205
4149,17401204
4150,17401201
4151,17401198
4152,17401191
4153,17401190
4154,17401189
4155,17401184
4156,17401183
4157,17401180
4158,17401175
4159,17401172
4160,17401171
4161,17401170
4162,17401169
4163,17401166
4164,17401161
4165,17401160
4166,17401159
4167,17401158
4168,17401156
4169,17401155
4170,17401153
4171,17401149
4172,17401148
4173,17401146
4174,17401145
4175,17401143
4176,17401142
4177,17401140
4178,17401139
4179,17401137
4180,17401135
4181,17401134
4182,17401129
4183,17401127
4184,17401125
4185,17401121
4186,17401118
4187,17401117
4188,17401116
4189,17401113
4190,17388614
4191,17388610
4192,17388606
4193,17388605
4194,17388602
4195,17388601
4196,17388573
4197,17388475
4198,17388438
4199,17388436
4200,17388380
4201,17388362
4202,17388318
4203,17388032
4204,17388030
4205,17388025
4206,17388022
4207,17388020
4208,17388019
4209,17388016
4210,17388015
4211,17388013
4212,17388012
4213,17388011
4214,17388010
4215,17388009
4216,17388008
4217,17388006
4218,17388005
4219,17388000
4220,17387999
4221,17387996
4222,17387995
4223,17387994
4224,17387993
4225,17387991
4226,17387989
4227,17387987
4228,17387986
4229,17387985
4230,17387984
4231,17387977
4232,17387976
4233,17387973
4234,17387971
4235,17387968
4236,17387966
4237,17387965
4238,17387963
4239,17387962
4240,17387960
4241,17387958
4242,17387956
4243,17387954
4244,17387953
4245,17387952
4246,17387951
4247,17387950
4248,17387949
4249,17387947
4250,17387945
4251,17387943
4252,17387942
4253,17387940
4254,17387939
4255,17387933
4256,17387932
4257,17387931
4258,17387930
4259,17387929
4260,17387924
4261,17387920
4262,17387919
4263,17387914
4264,17387913
4265,17387912
4266,17387909
4267,17387908
4268,17387904
4269,17387903
4270,17387902
4271,17387900
4272,17387899
4273,17387898
4274,17387896
4275,17387895
4276,17387889
4277,17387888
4278,17387886
4279,17387883
4280,17387882
4281,17387879
4282,17387872
4283,17387867
4284,17387860
4285,17387856
4286,17387855
4287,17387853
4288,17387852
4289,17387851
4290,17387849
4291,17387848
4292,17387846
4293,17387841
4294,17387840
4295,17387834
4296,17387832
4297,17387831
4298,17387829
4299,17387828
4300,17387817
4301,17387816
4302,17387815
4303,17387805
4304,17387804
4305,17387800
4306,17387799
4307,17387789
4308,17387788
4309,17387786
4310,17387785
4311,17387784
4312,17387780
4313,17387779
4314,17387775
4315,17387772
4316,17387771
4317,17387770
4318,17387766
4319,17387764
4320,17387762
4321,17387760
4322,17387759
4323,17387758
4324,17387755
4325,17387752
4326,17387748
4327,17387747
4328,17387746
4329,17387745
4330,17387742
4331,17387741
4332,17387735
4333,17387731
4334,17387708
4335,17387707
4336,17387703
4337,17387702
4338,17387701
4339,17387700
4340,17387679
4341,17387677
4342,17387676
4343,17387674
4344,17387670
4345,17387667
4346,17387666
4347,17387663
4348,17387661
4349,17387660
4350,17387659
4351,17387657
4352,17387655
4353,17387652
4354,17387651
4355,17387649
4356,17387648
4357,17387643
4358,17387641
4359,17387640
4360,17387639
4361,17387638
4362,17387628
4363,17387627
4364,17387626
4365,17387624
4366,17387622
4367,17387621
4368,17387620
4369,17387619
4370,17387617
4371,17387615
4372,17387613
4373,17387610
4374,17387608
4375,17387604
4376,17387601
4377,17387599
4378,17387587
4379,17387585
4380,17387584
4381,17387582
4382,17387581
4383,17387580
4384,17387577
4385,17387574
4386,17387573
4387,17387570
4388,17387566
4389,17387565
4390,17387564
4391,17387558
4392,17387557
4393,17387552
4394,17387550
4395,17387545
4396,17387544
4397,17387543
4398,17387542
4399,17387540
4400,17387538
4401,17387537
4402,17387536
4403,17387535
4404,17387533
4405,17387532
4406,17387530
4407,17387528
4408,17387525
4409,17387522
4410,17387520
4411,17387518
4412,17387515
4413,17387510
4414,17387505
4415,17387503
4416,17387502
4417,17387500
4418,17387498
4419,17387497
4420,17387495
4421,17387491
4422,17387490
4423,17387488
4424,17387483
4425,17387482
4426,17387481
4427,17387470
4428,17387468
4429,17387466
4430,17387465
4431,17387462
4432,17387460
4433,17387459
4434,17387456
4435,17387455
4436,17387450
4437,17387449
4438,17387448
4439,17387445
4440,17387443
4441,17387134
4442,17386992
4443,17386661
4444,17386655
4445,17386615
4446,17386594
4447,17386591
4448,17386564
4449,17386560
4450,17386335
4451,17386161
4452,17386135
4453,17386133
4454,17386118
4455,17386056
4456,17386055
4457,17386028
4458,17386006
4459,17386005
4460,17386002
4461,17385999
4462,17385997
4463,17385993
4464,17385894
4465,17385883
4466,17385813
4467,17385812
4468,17385810
4469,17385808
4470,17385806
4471,17385805
4472,17385801
4473,17385732
4474,17385723
4475,17385722
4476,17385661
4477,17385342
4478,17385341
4479,17385340
4480,17385339
4481,17385338
4482,17385337
4483,17385336
4484,17385335
4485,17385334
4486,17385333
4487,17385332
4488,17385331
4489,17385330
4490,17385329
4491,17385328
4492,17385327
4493,17385326
4494,17385325
4495,17385324
4496,17385323
4497,17385321
4498,17385320
4499,17385319
4500,17385318
4501,17385317
4502,17385316
4503,17385315
4504,17385314
4505,17385313
4506,17385312
4507,17385311
4508,17385310
4509,17385309
4510,17385308
4511,17385307
4512,17385306
4513,17385305
4514,17385304
4515,17385303
4516,17385302
4517,17385301
4518,17385300
4519,17385299
4520,17385298
4521,17385297
4522,17385296
4523,17385295
4524,17385294
4525,17385293
4526,17385292
4527,17385291
4528,17385290
4529,17385289
4530,17385288
4531,17385287
4532,17385286
4533,17385285
4534,17385284
4535,17385283
4536,17385282
4537,17385281
4538,17385280
4539,17385279
4540,17385278
4541,17385277
4542,17385276
4543,17385275
4544,17385274
4545,17385273
4546,17385272
4547,17385271
4548,17385270
4549,17385269
4550,17385268
4551,17385267
4552,17385266
4553,17385265
4554,17385264
4555,17385263
4556,17385262
4557,17385261
4558,17385260
4559,17385259
4560,17385258
4561,17385257
4562,17385256
4563,17385255
4564,17385254
4565,17385253
4566,17385252
4567,17385251
4568,17385250
4569,17385249
4570,17385248
4571,17385247
4572,17385246
4573,17385245
4574,17385244
4575,17385243
4576,17385242
4577,17385241
4578,17385240
4579,17385239
4580,17385238
4581,17385237
4582,17385236
4583,17385235
4584,17385234
4585,17385233
4586,17385232
4587,17385231
4588,17385230
4589,17385229
4590,17385228
4591,17385227
4592,17385226
4593,17385225
4594,17385224
4595,17385223
4596,17385222
4597,17385221
4598,17385220
4599,17385219
4600,17385218
4601,17385217
4602,17385216
4603,17385215
4604,17385214
4605,17385213
4606,17385212
4607,17385211
4608,17385210
4609,17385209
4610,17385208
4611,17385207
4612,17385206
4613,17385205
4614,17385204
4615,17385203
4616,17385202
4617,17385201
4618,17385200
4619,17385199
4620,17385198
4621,17385197
4622,17385196
4623,17385195
4624,17385194
4625,17385193
4626,17385192
4627,17385191
4628,17385190
4629,17385189
4630,17385188
4631,17385187
4632,17385185
4633,17385184
4634,17385183
4635,17385182
4636,17385181
4637,17385180
4638,17385179
4639,17385178
4640,17385177
4641,17385176
4642,17385175
4643,17385174
4644,17385173
4645,17385172
4646,17385171
4647,17385170
4648,17385169
4649,17385168
4650,17385167
4651,17385166
4652,17385165
4653,17385164
4654,17385163
4655,17385162
4656,17385161
4657,17385160
4658,17385159
4659,17385158
4660,17385157
4661,17385156
4662,17385155
4663,17385154
4664,17385153
4665,17385152
4666,17385151
4667,17385150
4668,17385149
4669,17385148
4670,17385147
4671,17385146
4672,17385145
4673,17385144
4674,17385143
4675,17385142
4676,17385141
4677,17385140
4678,17385139
4679,17385138
4680,17385137
4681,17385136
4682,17385135
4683,17385134
4684,17385133
4685,17385132
4686,17385131
4687,17385130
4688,17385129
4689,17385128
4690,17385127
4691,17385126
4692,17385125
4693,17385124
4694,17385123
4695,17385122
4696,17385121
4697,17385120
4698,17385119
4699,17385118
4700,17385117
4701,17385116
4702,17385115
4703,17385114
4704,17385113
4705,17385112
4706,17385111
4707,17385110
4708,17385108
4709,17385107
4710,17385106
4711,17385105
4712,17385104
4713,17385103
4714,17385102
4715,17385101
4716,17385100
4717,17385099
4718,17385098
4719,17385097
4720,17385096
4721,17385095
4722,17385094
4723,17385093
4724,17385092
4725,17385091
4726,17385090
4727,17385089
4728,17385088
4729,17385087
4730,17385086
4731,17385085
4732,17385084
4733,17385083
4734,17385082
4735,17385081
4736,17385080
4737,17385079
4738,17385078
4739,17385077
4740,17385076
4741,17385075
4742,17385074
4743,17385073
4744,17385072
4745,17385071
4746,17385070
4747,17385069
4748,17385068
4749,17385067
4750,17385066
4751,17385065
4752,17385064
4753,17385063
4754,17385062
4755,17385061
4756,17385060
4757,17385059
4758,17385058
4759,17385057
4760,17385056
4761,17385055
4762,17385054
4763,17385053
4764,17385052
4765,17385051
4766,17385049
4767,17385048
4768,17385047
4769,17385046
4770,17385045
4771,17385044
4772,17385043
4773,17385042
4774,17385041
4775,17385040
4776,17385039
4777,17385038
4778,17385037
4779,17385036
4780,17385035
4781,17385034
4782,17385032
4783,17385031
4784,17385030
4785,17385029
4786,17385028
4787,17385027
4788,17385026
4789,17385025
4790,17385024
4791,17385023
4792,17385022
4793,17385021
4794,17385020
4795,17385019
4796,17385018
4797,17385017
4798,17385016
4799,17385015
4800,17385014
4801,17385013
4802,17385012
4803,17385011
4804,17385010
4805,17385009
4806,17385008
4807,17385006
4808,17385005
4809,17385004
4810,17385003
4811,17385002
4812,17385001
4813,17385000
4814,17384998
4815,17384997
4816,17384996
4817,17384995
4818,17384994
4819,17384993
4820,17384992
4821,17384991
4822,17384990
4823,17384989
4824,17384988
4825,17384987
4826,17384985
4827,17384984
4828,17384983
4829,17384982
4830,17384981
4831,17384980
4832,17384979
4833,17384978
4834,17384977
4835,17384976
4836,17384975
4837,17384974
4838,17384973
4839,17384972
4840,17384971
4841,17384970
4842,17384969
4843,17384968
4844,17384967
4845,17384966
4846,17384965
4847,17384964
4848,17384963
4849,17384962
4850,17384961
4851,17384960
4852,17384959
4853,17384958
4854,17384957
4855,17384956
4856,17384955
4857,17384954
4858,17384953
4859,17384952
4860,17384951
4861,17384950
4862,17384949
4863,17384948
4864,17384947
4865,17384946
4866,17384945
4867,17384944
4868,17384943
4869,17384942
4870,17384941
4871,17384940
4872,17384939
4873,17384938
4874,17384937
4875,17384936
4876,17384935
4877,17384934
4878,17384933
4879,17384932
4880,17384931
4881,17384930
4882,17384929
4883,17384928
4884,17384927
4885,17384926
4886,17384925
4887,17384924
4888,17384923
4889,17384922
4890,17384921
4891,17384920
4892,17384919
4893,17384918
4894,17384917
4895,17384916
4896,17384915
4897,17384914
4898,17384913
4899,17384912
4900,17384911
4901,17384910
4902,17384909
4903,17384908
4904,17384907
4905,17384906
4906,17384905
4907,17384904
4908,17384903
4909,17384902
4910,17384901
4911,17384900
4912,17384899
4913,17384897
4914,17384896
4915,17384895
4916,17384894
4917,17384893
4918,17384892
4919,17384891
4920,17384890
4921,17384889
4922,17384887
4923,17384886
4924,17384885
4925,17384884
4926,17384883
4927,17384882
4928,17384881
4929,17384880
4930,17384879
4931,17384878
4932,17384877
4933,17384876
4934,17384875
4935,17384874
4936,17384873
4937,17384872
4938,17384871
4939,17384870
4940,17384869
4941,17384868
4942,16953913
4943,16953744
4944,16953101
4945,16952805
4946,16952742
4947,16952627
4948,16952440
4949,16952412
4950,14747228
4951,14746823
4952,14746590
4953,14746128
4954,14746028
4955,14746025
4956,14746021
4957,14746013
4958,14745998
4959,14745996
4960,14745990
4961,14745984
4962,14745981
4963,14745978
4964,14745976
4965,14745968
4966,14745965
4967,14745963
4968,14745962
4969,14745959
4970,14745957
4971,14745951
4972,14745950
4973,14745947
4974,14745943
4975,14745942
4976,14745938
4977,14745937
4978,14745935
4979,14745934
4980,14745933
4981,14745932
4982,14745924
4983,14745920
4984,14745919
4985,14745915
4986,14745913
4987,14745910
4988,14745909
4989,14745895
4990,14745894
4991,14745891
4992,14745883
4993,14745872
4994,14745871
4995,14745870
4996,14745867
4997,14745866
4998,14745864
4999,14745860
5000,14745859
5001,14745857
5002,14745853
5003,14745850
5004,14745848
5005,14745830
5006,14745828
5007,14745824
5008,14745823
5009,14745801
5010,14745800
5011,14745799
5012,14745789
5013,14745788
5014,14745786
5015,14745781
5016,14745775
5017,14745767
5018,14745765
5019,14745762
5020,14745761
5021,14745756
5022,14745755
5023,14745731
5024,14745725
5025,14745722
5026,14745717
5027,14745716
5028,14745707
5029,14745699
5030,14745697
5031,14745696
5032,14745686
5033,14745680
5034,14745655
5035,14745650
5036,14745649
5037,14745637
5038,14745633
5039,14745632
5040,14745610
5041,14745588
5042,14745547
5043,14745531
5044,14745530
5045,14745528
5046,14745526
5047,14745524
5048,14745522
5049,14745521
5050,14745495
5051,14745494
5052,14745480
5053,14745479
5054,14745478
5055,14745477
5056,14745467
5057,14745456
5058,14745448
5059,14745429
5060,14745428
5061,14745426
5062,14745425
5063,14745418
5064,14745417
5065,14745416
5066,14745415
5067,14745414
5068,14745412
5069,14745391
5070,14745389
5071,14745386
5072,14745385
5073,14745381
5074,14745377
5075,14745376
5076,14745374
5077,14745367
5078,14745355
5079,14745353
5080,14745347
5081,14745346
5082,14745330
5083,14745326
5084,14745324
5085,14745319
5086,14745317
5087,14745316
5088,14745315
5089,14745314
5090,14745313
5091,14745310
5092,14745309
5093,14745303
5094,14745294
5095,14745293
5096,14745286
5097,14745271
5098,14745269
5099,14745263
5100,14745242
5101,14745240
5102,14745236
5103,14745235
5104,14745230
5105,14745229
5106,14745228
5107,14745227
5108,14745226
5109,14745223
5110,14745221
5111,14745220
5112,14745218
5113,14745216
5114,14745215
5115,14745206
5116,14745202
5117,14745201
5118,14745191
5119,14745190
5120,14745185
5121,14745179
5122,14745178
5123,14745177
5124,14745175
5125,14745174
5126,14745171
5127,14745168
5128,14745167
5129,14745166
5130,14745164
5131,14745162
5132,14745156
5133,14745155
5134,14745152
5135,14745147
5136,14745136
5137,14745132
5138,14745131
5139,14745129
5140,14745128
5141,14745122
5142,14745121
5143,14745119
5144,14745118
5145,14745117
5146,14745116
5147,14745114
5148,14745113
5149,14745112
5150,14745111
5151,14745109
5152,14745099
5153,14745094
5154,14745093
5155,14745092
5156,14745091
5157,14745085
5158,14745084
5159,14745083
5160,14745081
5161,14745079
5162,14745077
5163,14745074
5164,14745073
5165,14745072
5166,14745067
5167,14745050
5168,14745040
5169,14745039
5170,14745027
5171,14745011
5172,14745006
5173,14745005
5174,14745001
5175,14744996
5176,14744993
5177,14744992
5178,14744991
5179,14744988
5180,14744987
5181,14744985
5182,14744976
5183,14744969
5184,14744962
5185,14744958
5186,14744951
5187,14744949
5188,14744947
5189,14744945
5190,14744924
5191,14744910
5192,14744908
5193,14744871
5194,14744869
5195,14744868
5196,14744867
5197,14744863
5198,14744862
5199,14744860
5200,14744859
5201,14744858
5202,14744854
5203,14744853
5204,14744849
5205,14744846
5206,14744838
5207,14744837
5208,14744836
5209,14744812
5210,14744800
5211,14744778
5212,14744777
5213,14744776
5214,14744774
5215,14744773
5216,14744763
5217,14744761
5218,14744757
5219,14744753
5220,14744742
5221,14744735
5222,14744731
5223,14744714
5224,14744710
5225,14744709
5226,14744698
5227,14744695
5228,14744693
5229,14744690
5230,14744688
5231,14744684
5232,14744673
5233,14744663
5234,14744661
5235,14744659
5236,14744658
5237,14744655
5238,14744653
5239,14744649
5240,14744646
5241,14744642
5242,14744641
5243,14744640
5244,14744639
5245,14744636
5246,14744632
5247,14744630
5248,14744626
5249,14744625
5250,14744620
5251,14744614
5252,14744613
5253,14744608
5254,14744606
5255,14744602
5256,14744595
5257,14744594
5258,14744591
5259,14744590
5260,14744589
5261,14744588
5262,14744585
5263,14744583
5264,14744582
5265,14744580
5266,14744579
5267,14744578
5268,14744572
5269,14744571
5270,14744569
5271,14744558
5272,14744557
5273,14744555
5274,14744552
5275,14744551
5276,14744550
5277,14744534
5278,14744529
5279,14744528
5280,14744526
5281,14744525
5282,14744507
5283,14744505
5284,14744501
5285,14744499
5286,14744493
5287,14744491
5288,14744490
5289,14744489
5290,14744486
5291,14744484
5292,14744482
5293,14744481
5294,14744480
5295,14744479
5296,14744478
5297,14744477
5298,14744476
5299,14744472
5300,14744470
5301,14744465
5302,14744460
5303,14744458
5304,14744453
5305,14744448
5306,14744447
5307,14744435
5308,14744434
5309,14744412
5310,14744407
5311,14744404
5312,14744397
5313,14744395
5314,14744392
5315,14744391
5316,14744389
5317,14744383
5318,14744377
5319,14744366
5320,14744365
5321,14744364
5322,14744360
5323,14744343
5324,14744341
5325,14744336
5326,14744320
5327,14744319
5328,14744304
5329,14744302
5330,14744271
5331,14744268
5332,14744213
5333,14744211
5334,14744185
5335,14744173
5336,14744119
5337,14744096
5338,14744087
5339,14744085
5340,14744051
5341,14744040
5342,14744039
5343,14744036
5344,14744032
5345,14744008
5346,14744006
5347,14744005
5348,14744000
5349,14743993
5350,14743984
5351,14743967
5352,14743965
5353,14743964
5354,14743963
5355,14743957
5356,14743956
5357,14743945
5358,14743943
5359,14743941
5360,14743920
5361,14743918
5362,14743916
5363,14743908
5364,14743898
5365,14743885
5366,14743883
5367,14743844
5368,14743841
5369,14743835
5370,14743822
5371,14743821
5372,14743820
5373,14743815
5374,14743808
5375,14743774
5376,14743673
5377,14743672
5378,14743670
5379,14743665
5380,14743644
5381,14743630
5382,14743593
5383,14743592
5384,14743590
5385,14743588
5386,14743586
5387,14743583
5388,14743578
5389,14743573
5390,14743569
5391,14743567
5392,14743565
5393,14743564
5394,14743563
5395,14743561
5396,14743560
5397,14743559
5398,14743558
5399,14743557
5400,14743555
5401,14743554
5402,14743553
5403,14743551
5404,14743550
5405,14743548
5406,14743546
5407,14743545
5408,14743540
5409,14743529
5410,14743508
5411,14743506
5412,14743505
5413,14743502
5414,14743501
5415,14743497
5416,14743496
5417,14743494
5418,14743493
5419,14743492
5420,14743489
5421,14743484
5422,14743479
5423,14743465
5424,14743442
5425,14743431
5426,14743428
5427,14743425
5428,14743424
5429,14743412
5430,14743384
5431,14743381
5432,14743379
5433,14743378
5434,14743377
5435,14743370
5436,14743346
5437,14743344
5438,14743343
5439,14743342
5440,14743337
5441,14743322
5442,14743320
5443,14743319
5444,14743317
5445,14743316
5446,14743315
5447,14743313
5448,14743312
5449,14743311
5450,14743309
5451,14743284
5452,14743282
5453,14743279
5454,14743277
5455,14743260
5456,14743257
5457,14743255
5458,14743253
5459,14743252
5460,14743250
5461,14743249
5462,14743242
5463,14743220
5464,14743217
5465,14743216
5466,14743213
5467,14743180
5468,14743178
5469,14743177
5470,14743175
5471,14743174
5472,14743170
5473,14743169
5474,14743168
5475,14743165
5476,14743160
5477,14743157
5478,14743150
5479,14743147
5480,14743146
5481,14743145
5482,14743144
5483,14743143
5484,14743140
5485,14743138
5486,14743136
5487,14743116
5488,14743109
5489,14743098
5490,14743097
5491,14743096
5492,14743095
5493,14743094
5494,14743091
5495,14743089
5496,14743087
5497,14743076
5498,14743075
5499,14743069
5500,14743013
5501,14742993
5502,14742978
5503,14742967
5504,14742908
5505,14742902
5506,14742869
5507,14742868
5508,14742835
5509,14742832
5510,14742830
5511,14742824
5512,14742822
5513,14742821
5514,14742820
5515,14742819
5516,14742818
5517,14742817
5518,14742816
5519,14742815
5520,14742810
5521,14742791
5522,14742786
5523,14742785
5524,14742784
5525,14742783
5526,14742762
5527,14742761
5528,14742757
5529,14742740
5530,14742739
5531,14742738
5532,14742737
5533,14742729
5534,14742721
5535,14742720
5536,14742718
5537,14742703
5538,14742697
5539,14742693
5540,14742688
5541,14742683
5542,14742673
5543,14742667
5544,14742645
5545,14742643
5546,14742630
5547,14742578
5548,14742564
5549,14742563
5550,14742562
5551,14742557
5552,14742530
5553,14742529
5554,14742523
5555,14742510
5556,14742509
5557,14742502
5558,14742491
5559,14742488
5560,14742484
5561,14742483
5562,14742475
5563,14742471
5564,14742469
5565,14742468
5566,14742462
5567,14742461
5568,14742458
5569,14742457
5570,14742454
5571,14742444
5572,14742441
5573,14742432
5574,14742426
5575,14742424
5576,14742409
5577,14742405
5578,14742404
5579,14742401
5580,14742398
5581,14742393
5582,14742392
5583,14742384
5584,14742383
5585,14742379
5586,14742376
5587,14742374
5588,14742372
5589,14742367
5590,14742364
5591,14742360
5592,14742358
5593,14742354
5594,14742346
5595,14742340
5596,14742338
5597,14742331
5598,14742326
5599,14742322
5600,14742314
5601,14742303
5602,14742296
5603,14742294
5604,14742293
5605,14742291
5606,14742269
5607,14742261
5608,14742257
5609,14742252
5610,14742251
5611,14742247
5612,14742241
5613,14742235
5614,14742223
5615,14742222
5616,14742220
5617,14742210
5618,14742209
5619,14742207
5620,14742200
5621,14742198
5622,14742196
5623,14742195
5624,14742193
5625,14742192
5626,14742191
5627,14742173
5628,14742172
5629,14742169
5630,14742161
5631,14742160
5632,14742146
5633,14742144
5634,14742143
5635,14742139
5636,14742138
5637,14742136
5638,14742134
5639,14742131
5640,14742116
5641,14742113
5642,14742112
5643,14742111
5644,14742110
5645,14742107
5646,14742102
5647,14742100
5648,14742096
5649,14742092
5650,14742091
5651,14742086
5652,14742083
5653,14742081
5654,14742078
5655,14742077
5656,14742074
5657,14742071
5658,14742069
5659,14742062
5660,14742061
5661,14742057
5662,14742056
5663,14742054
5664,14742052
5665,14742044
5666,14742043
5667,14742037
5668,14742035
5669,14742030
5670,14742028
5671,14742019
5672,14742018
5673,14742017
5674,14742016
5675,14742007
5676,14741988
5677,14741980
5678,14741972
5679,14741964
5680,14741962
5681,14741959
5682,14741952
5683,14741914
5684,14741910
5685,14741903
5686,14741897
5687,14741872
5688,14741870
5689,14741869
5690,14741865
5691,14741845
5692,14741821
5693,14741810
5694,14741799
5695,14741798
5696,14741796
5697,14741795
5698,14741794
5699,14741792
5700,14741791
5701,14741776
5702,14741771
5703,14741770
5704,14741751
5705,14741725
5706,14741722
5707,14741703
5708,14741702
5709,14741701
5710,14741700
5711,14741695
5712,14741693
5713,14741692
5714,14741691
5715,14741666
5716,14741663
5717,14741662
5718,14741661
5719,14741650
5720,14741648
5721,14741645
5722,14741642
5723,14741641
5724,14741638
5725,14741636
5726,14741632
5727,14741628
5728,14741625
5729,14741624
5730,14741622
5731,14741619
5732,14741617
5733,14741616
5734,14741615
5735,14741613
5736,14741610
5737,14741608
5738,14741603
5739,14741601
5740,14741600
5741,14741595
5742,14741594
5743,14741593
5744,14741592
5745,14741591
5746,14741590
5747,14741585
5748,14741583
5749,14741578
5750,14741577
5751,14741576
5752,14741575
5753,14741574
5754,14741569
5755,14741568
5756,14741558
5757,14741554
5758,14741549
5759,14741544
5760,14741541
5761,14741540
5762,14741538
5763,14741536
5764,14741506
5765,14741505
5766,14741503
5767,14741502
5768,14741501
5769,14741500
5770,14741499
5771,14741498
5772,14741495
5773,14741476
5774,14741471
5775,14741464
5776,14741463
5777,14741458
5778,14741457
5779,14741452
5780,14741450
5781,14741449
5782,14741448
5783,14741446
5784,14741440
5785,14741438
5786,14741428
5787,14741420
5788,14741405
5789,14741400
5790,14741399
5791,14741397
5792,14741392
5793,14741391
5794,14741379
5795,14741377
5796,14741376
5797,14741375
5798,14741373
5799,14741371
5800,14741366
5801,14741359
5802,14741358
5803,14741338
5804,14741336
5805,14741332
5806,14741324
5807,14741302
5808,14741300
5809,14741298
5810,14741287
5811,14741276
5812,14741271
5813,14741270
5814,14741269
5815,14741265
5816,14741264
5817,14741262
5818,14741260
5819,14741259
5820,14741257
5821,14741252
5822,14741250
5823,14741245
5824,14741243
5825,14741242
5826,14741241
5827,14741236
5828,14741235
5829,14741218
5830,14741197
5831,14741196
5832,14741195
5833,14741194
5834,14741167
5835,14741144
5836,14741142
5837,14741138
5838,14741133
5839,14741129
5840,14741127
5841,14741126
5842,14741125
5843,14741123
5844,14741115
5845,14741114
5846,14741109
5847,14741106
5848,14741100
5849,14741098
5850,14741088
5851,14741086
5852,14741085
5853,14741084
5854,14741062
5855,14741057
5856,14741055
5857,14741054
5858,14741052
5859,14741046
5860,14741041
5861,14741039
5862,14741037
5863,14741035
5864,14741032
5865,14741031
5866,14741028
5867,14741027
5868,14741026
5869,14741024
5870,14741018
5871,14741016
5872,14741012
5873,14741011
5874,14741010
5875,14741009
5876,14741007
5877,14741006
5878,14741004
5879,14741003
5880,14741000
5881,14740999
5882,14740997
5883,14740996
5884,14740995
5885,14740990
5886,14740979
5887,14740978
5888,14740976
5889,14740975
5890,14740972
5891,14740971
5892,14740962
5893,14740958
5894,14740954
5895,14740943
5896,14740941
5897,14740939
5898,14740938
5899,14740923
5900,14740921
5901,14740920
5902,14740919
5903,14740918
5904,14740917
5905,14740916
5906,14740913
5907,14740912
5908,14740909
5909,14740908
5910,14740902
5911,14740899
5912,14740895
5913,14740894
5914,14740893
5915,14740889
5916,14740880
5917,14740879
5918,14740875
5919,14740872
5920,14740871
5921,14740869
5922,14740866
5923,14740865
5924,14740860
5925,14740859
5926,14740858
5927,14740855
5928,14740853
5929,14740852
5930,14740849
5931,14740847
5932,14740846
5933,14740842
5934,14740840
5935,14740839
5936,14740837
5937,14740836
5938,14740834
5939,14740829
5940,14740825
5941,14740820
5942,14740815
5943,14740814
5944,14740813
5945,14740806
5946,14740797
5947,14740793
5948,14740788
5949,14740782
5950,14740781
5951,14740780
5952,14740775
5953,14740773
5954,14740769
5955,14740761
5956,14740759
5957,14740757
5958,14740749
5959,14740735
5960,14740734
5961,14740730
5962,14740726
5963,14740719
5964,14740717
5965,14740712
5966,14740711
5967,14740690
5968,14740688
5969,14740687
5970,14740686
5971,14740676
5972,14740675
5973,14740674
5974,14740669
5975,14740633
5976,14740532
5977,14740488
5978,14740471
5979,14740425
5980,14740424
5981,14740419
5982,14740360
5983,14740359
5984,14740345
5985,14740344
5986,14740343
5987,14740296
5988,14740286
5989,14740282
5990,14740234
5991,14740231
5992,14740230
5993,14740181
5994,14740178
5995,14740175
5996,14740135
5997,14740134
5998,14740128
5999,14740127
6000,14740121
6001,14740008
6002,14740003
6003,14739997
6004,14739980
6005,14739978
6006,14739976
6007,14739948
6008,14739946
6009,14739945
6010,14739942
6011,14739939
6012,14739926
6013,14739887
6014,14739846
6015,14739808
6016,14739806
6017,14739805
6018,14739776
6019,14739772
6020,14739769
6021,14739753
6022,14739749
6023,14739745
6024,14739744
6025,14739743
6026,14739742
6027,14739739
6028,14739733
6029,14739697
6030,14739633
6031,14739529
6032,14739483
6033,14739477
6034,14739437
6035,14739432
6036,14739423
6037,14739420
6038,14739413
6039,14739401
6040,14739382
6041,14739371
6042,14739266
6043,14739117
6044,14739056
6045,14739055
6046,14739051
6047,14739050
6048,14739046
6049,14739045
6050,14738954
6051,14738950
6052,14738943
6053,14738820
6054,14738667
6055,14738666
6056,14738665
6057,14738657
6058,14738640
6059,14738639
6060,14738621
6061,14738620
6062,14738616
6063,14738614
6064,14738607
6065,14738549
6066,14738535
6067,14738534
6068,14738529
6069,14738528
6070,14738527
6071,14738525
6072,14738524
6073,14738522
6074,14738507
6075,14738505
6076,14738495
6077,14738489
6078,14738484
6079,14738475
6080,14738417
6081,14738414
6082,14738410
6083,14738370
6084,14738334
6085,14738200
6086,14738197
6087,14738196
6088,14738163
6089,14738161
6090,14738127
6091,14738126
6092,14738125
6093,14738123
6094,14738097
6095,14738073
6096,14738044
6097,14738036
6098,14738016
6099,14737919
6100,14737916
6101,14737914
6102,14737851
6103,14737835
6104,14737824
6105,14737710
6106,14737705
6107,14737701
6108,14737691
6109,14737688
6110,14737640
6111,14737599
6112,14737583
6113,14737581
6114,14737577
6115,14737576
6116,14737573
6117,14737572
6118,14737571
6119,14737570
6120,14737568
6121,14737522
6122,14737481
6123,14737480
6124,14737478
6125,14737477
6126,14737475
6127,14737474
6128,14737456
6129,14737455
6130,14737454
6131,14737452
6132,14737451
6133,14737450
6134,14737449
6135,14737448
6136,14737445
6137,14737424
6138,14737422
6139,14737418
6140,14737416
6141,14737415
6142,14737407
6143,14737406
6144,14737405
6145,14737375
6146,14737260
6147,14737259
6148,14737258
6149,14737255
6150,14737254
6151,14737253
6152,14737250
6153,14737249
6154,14737247
6155,14737246
6156,14737245
6157,14737230
6158,14737229
6159,14737167
6160,14737076
6161,14737075
6162,14737074
6163,14737069
6164,14737068
6165,14737065
6166,14737064
6167,14737063
6168,14737061
6169,14737060
6170,14736977
6171,14736953
6172,14736933
6173,14736895
6174,14736820
6175,14736725
6176,14736713
6177,14736712
6178,14736707
6179,14736706
6180,14736646
6181,14736604
6182,14736521
6183,14736520
6184,14736519
6185,14736515
6186,14736473
6187,14736472
6188,14736471
6189,14736469
6190,14736468
6191,14736435
6192,14736430
6193,14736256
6194,14736216
6195,14736170
6196,14736090
6197,14736080
6198,14736074
6199,14736071
6200,14736007
6201,14735982
6202,14735967
6203,14735875
6204,14735802
6205,14735758
6206,14735756
6207,14735735
6208,14735727
6209,14735726
6210,14735725
6211,14735723
6212,14735717
6213,14735716
6214,14735693
6215,14735690
6216,14735689
6217,14735687
6218,14735686
6219,14735682
6220,14735681
6221,14735679
6222,14735678
6223,14735677
6224,14735525
6225,14735504
6226,14735501
6227,14735496
6228,14735493
6229,14735491
6230,14735464
6231,14735459
6232,14735456
6233,14735455
6234,14735451
6235,14735445
6236,14735444
6237,14735394
6238,14735346
6239,14735343
6240,14735340
6241,14735339
6242,14735338
6243,14735336
6244,14735335
6245,14735333
6246,14735331
6247,14735330
6248,14735329
6249,14735328
6250,14735326
6251,14735293
6252,14735267
6253,14735239
6254,14735228
6255,14735190
6256,14735188
6257,14735186
6258,14735181
6259,14735180
6260,14735176
6261,14735175
6262,14735146
6263,14735115
6264,14735114
6265,14735112
6266,14735111
6267,14735110
6268,14735107
6269,14735106
6270,14735104
6271,14735103
6272,14735102
6273,14735091
6274,14735083
6275,14735082
6276,14735081
6277,14735069
6278,14735050
6279,14735049
6280,14735016
6281,14735008
6282,14735007
6283,14735006
6284,14734991
6285,14734986
6286,14734985
6287,14734982
6288,14734978
6289,14734962
6290,14734961
6291,14734955
6292,14734950
6293,14734949
6294,14734948
6295,14734938
6296,14734882
6297,14734880
6298,14734845
6299,14734842
6300,14734841
6301,14734810
6302,14734804
6303,14734803
6304,14734802
6305,14734801
6306,14734775
6307,14734770
6308,14734768
6309,14734767
6310,14734765
6311,14734739
6312,14734710
6313,14734703
6314,14734700
6315,14734680
6316,14734624
6317,14734579
6318,14734578
6319,14734576
6320,14734526
6321,14734519
6322,14734512
6323,14734511
6324,14734509
6325,14734490
6326,14734451
6327,14734450
6328,14734448
6329,14734436
6330,14734435
6331,14734434
6332,14734431
6333,14734425
6334,14734381
6335,14734380
6336,14734376
6337,14734355
6338,14734342
6339,14734341
6340,14734278
6341,14734267
6342,14734251
6343,14734242
6344,14734240
6345,14734231
6346,14734225
6347,14734164
6348,14734163
6349,14734162
6350,14734160
6351,14734159
6352,14734157
6353,14734155
6354,14734149
6355,14734123
6356,14734111
6357,14734107
6358,14734105
6359,14734096
6360,14734093
6361,14734086
6362,14734085
6363,14734084
6364,14734081
6365,14734050
6366,14734021
6367,14734020
6368,14733941
6369,14733939
6370,14733937
6371,14733934
6372,14733929
6373,14733922
6374,14733907
6375,14733896
6376,14733895
6377,14733873
6378,14733848
6379,14733844
6380,14733827
6381,14733826
6382,14733825
6383,14733593
6384,14733574
6385,14733573
6386,14733419
6387,14733418
6388,14733416
6389,14733262
6390,14733105
6391,14733073
6392,14732945
6393,14732943
6394,14732942
6395,14732941
6396,14732938
6397,14732937
6398,14732936
6399,14732934
6400,14732920
6401,14732917
6402,14732905
6403,14732900
6404,14732899
6405,14732897
6406,14732895
6407,14732883
6408,14732878
6409,14732877
6410,14732870
6411,14732864
6412,14732863
6413,14732862
6414,14732844
6415,14732792
6416,14732674
6417,14732668
6418,14732667
6419,14732661
6420,14732645
6421,14732607
6422,14732606
6423,14732599
6424,14732563
6425,14732562
6426,14732561
6427,14732560
6428,14732542
6429,14732501
6430,14732472
6431,14732471
6432,14732429
6433,14732428
6434,14732366
6435,14732354
6436,14732353
6437,14732323
6438,14732250
6439,14732221
6440,14732220
6441,14732166
6442,14732159
6443,14732083
6444,14732082
6445,14732081
6446,14732080
6447,14732079
6448,14732078
6449,14732051
6450,14732049
6451,14732047
6452,14732032
6453,14731994
6454,14731985
6455,14731984
6456,14731983
6457,14731969
6458,14731968
6459,14731967
6460,14731963
6461,14731961
6462,14731887
6463,14731871
6464,14731798
6465,14731797
6466,14731753
6467,14731718
6468,14731716
6469,14731683
6470,14731682
6471,14731680
6472,14731637
6473,14731586
6474,14731569
6475,14731567
6476,14731512
6477,14731511
6478,14731509
6479,14731500
6480,14731461
6481,14731460
6482,14731458
6483,14731457
6484,14731456
6485,14731453
6486,14731451
6487,14731450
6488,14731430
6489,14731425
6490,14731398
6491,14731397
6492,14731390
6493,14731330
6494,14731328
6495,14731299
6496,14731297
6497,14731296
6498,14731283
6499,14731252
6500,14731240
6501,14731226
6502,14731223
6503,14731219
6504,14731165
6505,14731141
6506,14731076
6507,14731071
6508,14731067
6509,14731052
6510,14731051
6511,14731049
6512,14731041
6513,14731040
6514,14731005
6515,14731001
6516,14730920
6517,14730919
6518,14730896
6519,14730875
6520,14730818
6521,14730817
6522,14730785
6523,14730697
6524,14730678
6525,14730641
6526,14730640
6527,14730637
6528,14730624
6529,14730570
6530,14730552
6531,14730533
6532,14730513
6533,14730508
6534,14730506
6535,14730502
6536,14730501
6537,14730500
6538,14730458
6539,14730455
6540,14730426
6541,14730364
6542,14730359
6543,14730358
6544,14730327
6545,14730216
6546,14730215
6547,14730208
6548,14730206
6549,14730181
6550,14730114
6551,14730073
6552,14730060
6553,14730052
6554,14730036
6555,14729949
6556,14729810
6557,14729731
6558,14729727
6559,14729726
6560,14729723
6561,14729662
6562,14729611
6563,14729399
6564,14729372
6565,14729361
6566,14729246
6567,14729233
6568,14729232
6569,14729207
6570,14729201
6571,14727332
6572,14727330
6573,14727329
6574,14727328
6575,14727326
6576,14727323
6577,14727318
6578,14727313
6579,14727309
6580,14727306
6581,14727305
6582,14727304
6583,14727301
6584,14727299
6585,14727296
6586,14727295
6587,14727294
6588,14727293
6589,14727291
6590,14727290
6591,14727288
6592,14727287
6593,14727286
6594,14727285
6595,14727284
6596,14727278
6597,14727277
6598,14727273
6599,14727272
6600,14727268
6601,14727267
6602,14727265
6603,14727263
6604,14727262
6605,14727261
6606,14727260
6607,14727257
6608,14727256
6609,14727255
6610,14727254
6611,14727253
6612,14727250
6613,14727249
6614,14727248
6615,14727247
6616,14727246
6617,14727245
6618,14727244
6619,14727243
6620,14727242
6621,14727241
6622,14727239
6623,14727238
6624,14727237
6625,14727235
6626,14727233
6627,14727232
6628,14727230
6629,14727229
6630,14727227
6631,14727226
6632,14727225
6633,14727223
6634,14727222
6635,14727218
6636,14727217
6637,14727216
6638,14727215
6639,14727211
6640,14727209
6641,14727208
6642,14727207
6643,14727206
6644,14727205
6645,14727199
6646,14727198
6647,14727194
6648,14727189
6649,14727188
6650,14727186
6651,14727180
6652,14727179
6653,14727178
6654,14727175
6655,14727173
6656,14727172
6657,14727167
6658,14727166
6659,14727165
6660,14727164
6661,14727162
6662,14727160
6663,14727159
6664,14727158
6665,14727157
6666,14727156
6667,14727155
6668,14727154
6669,14727151
6670,14727150
6671,14727147
6672,14727146
6673,14727139
6674,14727137
6675,14727135
6676,14727134
6677,14727133
6678,14727130
6679,14727129
6680,14727117
6681,14727114
6682,14727112
6683,14727107
6684,14727090
6685,14727086
6686,14727081
6687,14727076
6688,14727074
6689,14727071
6690,14727064
6691,14727063
6692,14727060
6693,14727057
6694,14727054
6695,14727019
6696,14726752
6697,14726747
6698,14726746
6699,14726726
6700,14726715
6701,14726707
6702,14726702
6703,14726691
6704,14726681
6705,14726446
6706,14726445
6707,14726440
6708,14726438
6709,14726437
6710,14726432
6711,14726431
6712,14726423
6713,14726415
6714,14726414
6715,14726413
6716,14726409
6717,14726408
6718,14726407
6719,14726400
6720,14726391
6721,14726390
6722,14726385
6723,14726378
6724,14726376
6725,14726371
6726,14726368
6727,14726366
6728,14726365
6729,14726357
6730,14726356
6731,14726350
6732,14726349
6733,14726347
6734,14726342
6735,14726341
6736,14726339
6737,14726333
6738,14726326
6739,14726325
6740,14726324
6741,14726322
6742,14726321
6743,14726317
6744,14726316
6745,14726314
6746,14726309
6747,14726308
6748,14726306
6749,14726301
6750,14726295
6751,14726294
6752,14726293
6753,14726277
6754,14726209
6755,14726123
6756,14726121
6757,14726120
6758,14726117
6759,14726114
6760,14726111
6761,14726110
6762,14726109
6763,14726108
6764,14726106
6765,14726105
6766,14726104
6767,14726103
6768,14726102
6769,14726101
6770,14726099
6771,14726097
6772,14726095
6773,14726094
6774,14726091
6775,14726090
6776,14726089
6777,14726088
6778,14726085
6779,14726084
6780,14726082
6781,14726081
6782,14726080
6783,14726079
6784,14726076
6785,14726072
6786,14726071
6787,14726070
6788,14726069
6789,14726067
6790,14726066
6791,14726065
6792,14726064
6793,14726063
6794,14726061
6795,14726060
6796,14726057
6797,14726055
6798,14726050
6799,14726049
6800,14726048
6801,14726047
6802,14726046
6803,14726045
6804,14726044
6805,14726040
6806,14726036
6807,14726034
6808,14726033
6809,14726032
6810,14726031
6811,14726029
6812,14726021
6813,14726020
6814,14726014
6815,14726008
6816,14726006
6817,14726000
6818,14725999
6819,14725997
6820,14725996
6821,14725994
6822,14725988
6823,14725987
6824,14725960
6825,14725809
6826,14725795
6827,14725772
6828,14724899
6829,14724662
6830,14724442
6831,14724170
6832,14724169
6833,14724165
6834,14724164
6835,14724163
6836,14724161
6837,14724160
6838,14724159
6839,14724158
6840,14724155
6841,14724154
6842,14724148
6843,14724147
6844,14724146
6845,14724144
6846,14724142
6847,14724140
6848,14724139
6849,14724137
6850,14724135
6851,14724134
6852,14724133
6853,14724132
6854,14724131
6855,14724129
6856,14724126
6857,14724124
6858,14724123
6859,14724121
6860,14724120
6861,14724116
6862,14724115
6863,14724112
6864,14724111
6865,14724110
6866,14724109
6867,14724108
6868,14724107
6869,14724105
6870,14724103
6871,14724100
6872,14724099
6873,14724098
6874,14724096
6875,14724095
6876,14724094
6877,14724093
6878,14724092
6879,14724090
6880,14724089
6881,14724088
6882,14724079
6883,14724077
6884,14724074
6885,14724072
6886,14724068
6887,14724066
6888,14724064
6889,14724056
6890,14724055
6891,14724053
6892,14724051
6893,14724050
6894,14724049
6895,14724045
6896,14724044
6897,14724043
6898,14724041
6899,14724040
6900,14724038
6901,14724037
6902,14724036
6903,14724035
6904,14724034
6905,14724032
6906,14724031
6907,14724027
6908,14724025
6909,14724023
6910,14724021
6911,14724019
6912,14724018
6913,14724017
6914,14724009
6915,14724007
6916,14724005
6917,14723995
6918,14723987
6919,14723984
6920,14723964
6921,14723961
6922,14723958
6923,14723955
6924,14723948
6925,14723942
6926,14723937
6927,14723935
6928,14723934
6929,14723925
6930,14723915
6931,14723914
6932,14723912
6933,14723910
6934,14723909
6935,14723907
6936,14723902
6937,14723899
6938,14723898
6939,14723892
6940,14723890
6941,14723889
6942,14723887
6943,14723881
6944,14723880
6945,14723876
6946,14723867
6947,14723862
6948,14723860
6949,14723858
6950,14723857
6951,14723854
6952,14723852
6953,14723845
6954,14723841
6955,14723837
6956,14723823
6957,14723822
6958,14723821
6959,14723815
6960,14723814
6961,14723808
6962,14723802
6963,14723801
6964,14723800
6965,14723798
6966,14723793
6967,14723790
6968,14723789
6969,14723786
6970,14723778
6971,14723770
6972,14723766
6973,14723765
6974,14723764
6975,14723762
6976,14723750
6977,14723747
6978,14723746
6979,14723745
6980,14723744
6981,14723743
6982,14723741
6983,14723739
6984,14723737
6985,14723734
6986,14723733
6987,14723731
6988,14723726
6989,14723724
6990,14723723
6991,14723722
6992,14723721
6993,14723719
6994,14723718
6995,14723715
6996,14723711
6997,14723709
6998,14723707
6999,14723702
7000,14723699
7001,14723697
7002,14723694
7003,14723693
7004,14723684
7005,14723683
7006,14723680
7007,14723675
7008,14723667
7009,14723549
7010,14723427
7011,14723415
7012,14723408
7013,14723383
7014,14723382
7015,14723377
7016,14723199
7017,14723197
7018,14723196
7019,14723195
7020,14723193
7021,14723190
7022,14723188
7023,14723187
7024,14723186
7025,14723185
7026,14723183
7027,14723182
7028,14723179
7029,14723177
7030,14723173
7031,14723172
7032,14723168
7033,14723167
7034,14723166
7035,14723163
7036,14723158
7037,14723155
7038,14723152
7039,14723151
7040,14723147
7041,14723143
7042,14723141
7043,14723140
7044,14723060
7045,14722960
7046,14722958
7047,14722957
7048,14722950
7049,14722945
7050,14722941
7051,14722936
7052,14722932
7053,14722925
7054,14722924
7055,14722923
7056,14722918
7057,14722917
7058,14722916
7059,14722911
7060,14722909
7061,14722908
7062,14722903
7063,14722901
7064,14722895
7065,14722890
7066,14722887
7067,14722719
7068,14722704
7069,14722695
7070,14722678
7071,14722666
7072,14722657
7073,14722656
7074,14722655
7075,14722654
7076,14722652
7077,14722650
7078,14722649
7079,14722644
7080,14722642
7081,14722641
7082,14722640
7083,14722637
7084,14722635
7085,14722631
7086,14722629
7087,14722628
7088,14722626
7089,14722625
7090,14722623
7091,14722621
7092,14722620
7093,14722619
7094,14722575
7095,14722569
7096,14722468
7097,14722207
7098,14722206
7099,14722202
7100,14722201
7101,14722200
7102,14722199
7103,14722198
7104,14722197
7105,14722196
7106,14722195
7107,14722193
7108,14722192
7109,14722190
7110,14722188
7111,14722185
7112,14722183
7113,14722171
7114,14722168
7115,14722166
7116,14722164
7117,14722158
7118,14722152
7119,14722149
7120,14722148
7121,14722144
7122,14722128
7123,14722127
7124,14722120
7125,14722117
7126,14722111
7127,14722102
7128,14722081
7129,14722077
7130,14722018
7131,14721971
7132,14721957
7133,14721949
7134,14721947
7135,14721922
7136,14721914
7137,14721908
7138,14721907
7139,14721905
7140,14721904
7141,14721902
7142,14721896
7143,14721895
7144,14721893
7145,14721887
7146,14721885
7147,14721882
7148,14721880
7149,14721879
7150,14721877
7151,14721874
7152,14721873
7153,14721871
7154,14721868
7155,14721867
7156,14721865
7157,14721859
7158,14721854
7159,14721852
7160,14721851
7161,14721850
7162,14721848
7163,14721847
7164,14721839
7165,14721838
7166,14720812
7167,14720752
7168,11114300
7169,11114299
7170,11114298
7171,11114297
7172,11114296
7173,11114295
7174,11114294
7175,11114293
7176,11114292
7177,11114291
7178,11114290
7179,11114289
7180,11114288
7181,11114287
7182,11114286
7183,11114285
7184,11114284
7185,11114283
7186,11114282
7187,11114281
7188,11114280
7189,11114279
7190,11114278
7191,11114276
7192,11114275
7193,11114274
7194,11114273
7195,11114272
7196,11114271
7197,11114270
7198,11114269
7199,11114268
7200,11114267
7201,11114266
7202,11114264
7203,11114263
7204,11114262
7205,11114261
7206,11114260
7207,11114259
7208,11114258
7209,11114257
7210,11114256
7211,11114255
7212,11114254
7213,11114253
7214,11114252
7215,11114251
7216,11114250
7217,11114249
7218,11114248
7219,11114247
7220,11114246
7221,11114245
7222,11114244
7223,11114243
7224,11114242
7225,11114241
7226,11114240
7227,11114239
7228,11114238
7229,11114237
7230,11114236
7231,11114235
7232,11114234
7233,11114233
7234,11114232
7235,11114231
7236,11114230
7237,11114229
7238,11114228
7239,11114227
7240,11114226
7241,11114225
7242,11114224
7243,11114223
7244,11114222
7245,11114221
7246,11114220
7247,11114219
7248,11114218
7249,11114217
7250,11114216
7251,11114215
7252,11114214
7253,11114213
7254,11114212
7255,11114211
7256,11114210
7257,11114209
7258,11114208
7259,11114207
7260,11114206
7261,11114205
7262,11114204
7263,11114203
7264,11114202
7265,11114201
7266,11114200
7267,11114199
7268,11114198
7269,11114197
7270,11114196
7271,11114195
7272,11114194
7273,11114193
7274,11114192
7275,11114191
7276,11114190
7277,11114189
7278,11114188
7279,11114187
7280,11114186
7281,11114185
7282,11114184
7283,11114183
7284,11114182
7285,11114181
7286,11114180
7287,11114179
7288,11114178
7289,11114177
7290,11114176
7291,11114175
7292,11114174
7293,11114173
7294,11114172
7295,11114171
7296,11114170
7297,11114169
7298,11114168
7299,11114167
7300,11114166
7301,11114165
7302,11114164
7303,11114163
7304,11114162
7305,11114161
7306,11114160
7307,11114159
7308,11114158
7309,11114157
7310,11114156
7311,11114155
7312,11114154
7313,11114153
7314,11114151
7315,11114150
7316,11114149
7317,11114148
7318,11114147
7319,11114146
7320,11114145
7321,11114144
7322,11114143
7323,11114142
7324,11114141
7325,11114140
7326,11114139
7327,11114138
7328,11114137
7329,11114136
7330,11114135
7331,11114134
7332,11114133
7333,11114132
7334,11114131
7335,11114130
7336,11114129
7337,11114128
7338,11114127
7339,11114126
7340,11114125
7341,11114124
7342,11114123
7343,11114122
7344,11114121
7345,11114120
7346,11114119
7347,11114118
7348,11114117
7349,11114116
7350,11114115
7351,11114114
7352,11114113
7353,11114111
7354,11114110
7355,11114109
7356,11114108
7357,11114107
7358,11114106
7359,11114105
7360,11114104
7361,11114103
7362,11114102
7363,11114101
7364,11114100
7365,11114099
7366,11114098
7367,11114097
7368,11114096
7369,11114095
7370,11114094
7371,11114093
7372,11114092
7373,11114091
7374,11114090
7375,11114089
7376,11114088
7377,11114087
7378,11114086
7379,11114085
7380,11114084
7381,11114083
7382,11114082
7383,11114081
7384,11114080
7385,11114079
7386,11114078
7387,11114077
7388,11114076
7389,11114075
7390,11114074
7391,11114073
7392,11114072
7393,11114071
7394,11114070
7395,11114069
7396,11114068
7397,11114067
7398,11114066
7399,11114065
7400,11114064
7401,11114063
7402,11114062
7403,11114061
7404,11114060
7405,11114059
7406,11114058
7407,11114057
7408,11114056
7409,11114055
7410,11114054
7411,11114053
7412,11114052
7413,11114051
7414,11114050
7415,11114049
7416,11114048
7417,11114047
7418,11114046
7419,11114045
7420,11114044
7421,11114043
7422,11114042
7423,11114041
7424,11114040
7425,11114039
7426,11114038
7427,11114037
7428,11114036
7429,11114035
7430,11114034
7431,11114033
7432,11114032
7433,11114031
7434,11114030
7435,11114029
7436,11114028
7437,11114027
7438,11114026
7439,11114025
7440,11114023
7441,11114022
7442,11114021
7443,11114020
7444,11114019
7445,11114018
7446,11114017
7447,11114016
7448,11114015
7449,11114014
7450,11114013
7451,11114012
7452,11114011
7453,11114010
7454,11114009
7455,11114007
7456,11114006
7457,11114005
7458,11114004
7459,11114003
7460,11114002
7461,11114001
7462,11114000
7463,11113999
7464,11113998
7465,11113997
7466,11113996
7467,11113995
7468,11113994
7469,11113993
7470,11113992
7471,11113991
7472,11113990
7473,11113989
7474,11113988
7475,11113987
7476,11113986
7477,11113985
7478,11113984
7479,11113983
7480,11113982
7481,11113981
7482,11113980
7483,11113979
7484,11113978
7485,11113977
7486,11113976
7487,11113975
7488,11113974
7489,11113973
7490,11113972
7491,11113971
7492,11113970
7493,11113969
7494,11113968
7495,11113967
7496,11113966
7497,11113963
7498,11113961
7499,11113960
7500,11113959
7501,11113958
7502,11113957
7503,11113956
7504,11113955
7505,11113954
7506,11113953
7507,11113952
7508,11113951
7509,11113950
7510,11113949
7511,11113948
7512,11113947
7513,11113946
7514,11113945
7515,11113944
7516,11113943
7517,11113942
7518,11113941
7519,11113940
7520,11113939
7521,11113938
7522,11113937
7523,11113936
7524,11113935
7525,11113934
7526,11113933
7527,11113932
7528,11113931
7529,11113930
7530,11113929
7531,11113928
7532,11113927
7533,11113926
7534,11113925
7535,11113924
7536,11113923
7537,11113922
7538,11113921
7539,11113920
7540,11113919
7541,11113918
7542,11113917
7543,11113916
7544,11113915
7545,11113914
7546,11113913
7547,11113912
7548,11113911
7549,11113910
7550,11113909
7551,11113908
7552,11113907
7553,11113906
7554,11113905
7555,11113904
7556,11113903
7557,11113902
7558,11113901
7559,11113900
7560,11113899
7561,11113898
7562,11113897
7563,11113896
7564,11113895
7565,11113894
7566,11113893
7567,11113892
7568,11113890
7569,11113889
7570,11113888
7571,11113887
7572,11113886
7573,11113885
7574,11113884
7575,11113883
7576,11113882
7577,11113881
7578,11113880
7579,11113879
7580,11113878
7581,11113877
7582,11113876
7583,11113875
7584,11113874
7585,11113873
7586,11113872
7587,11113871
7588,11113870
7589,11113869
7590,11113868
7591,11113867
7592,11113866
7593,11113865
7594,11113864
7595,11113863
7596,11113862
7597,11113861
7598,11113860
7599,11113859
7600,11113858
7601,11113857
7602,11113856
7603,11113855
7604,11113854
7605,11113853
7606,11113852
7607,11113851
7608,11113850
7609,11113849
7610,11113848
7611,11113847
7612,11113846
7613,11113845
7614,11113844
7615,11113843
7616,11113842
7617,11113841
7618,11113840
7619,11113839
7620,11113838
7621,11113837
7622,11113836
7623,11113835
7624,11113834
7625,11113833
7626,11113832
7627,11113831
7628,11113830
7629,11113829
7630,11113828
7631,11113827
7632,11113826
7633,11113825
7634,11113824
7635,11113823
7636,11113822
7637,11113821
7638,11113820
7639,11113819
7640,11113818
7641,11113817
7642,11113816
7643,11113815
7644,11113814
7645,11113813
7646,11113812
7647,11113811
7648,11113810
7649,11113809
7650,11113808
7651,11113807
7652,11113806
7653,11113805
7654,11113804
7655,11113803
7656,11113802
7657,11113801
7658,11113800
7659,11113799
7660,11113798
7661,11113797
7662,11113796
7663,11113795
7664,11113794
7665,11113793
7666,11113792
7667,11113791
7668,11113790
7669,11113789
7670,11113788
7671,11113787
7672,11113786
7673,11113785
7674,11113784
7675,11113783
7676,11113782
7677,11113781
7678,11113780
7679,11113779
7680,11113778
7681,11113777
7682,11113776
7683,11113775
7684,11113774
7685,11113773
7686,11113772
7687,11113771
7688,11113770
7689,11113769
7690,11113768
7691,11113767
7692,11113766
7693,11113765
7694,11113764
7695,11113763
7696,11113762
7697,11113761
7698,11113760
7699,11113759
7700,11113758
7701,11113757
7702,11113756
7703,11113755
7704,11113754
7705,11113753
7706,11113752
7707,11113751
7708,11113750
7709,11113749
7710,11113748
7711,11113747
7712,11113746
7713,11113745
7714,11113744
7715,11113743
7716,11113742
7717,11113741
7718,11113740
7719,11113739
7720,11113738
7721,11113735
7722,11113734
7723,11113733
7724,11113732
7725,11113731
7726,11113730
7727,11113729
7728,11113728
7729,11113727
7730,11113726
7731,11113725
7732,11113724
7733,11113723
7734,11113722
7735,11113721
7736,11113720
7737,11113719
7738,11113718
7739,11113717
7740,11113716
7741,11113715
7742,11113714
7743,11113713
7744,11113712
7745,11113711
7746,11113710
7747,11113709
7748,11113708
7749,11113707
7750,11113706
7751,11113705
7752,11113704
7753,11113703
7754,11113702
7755,11113701
7756,11113700
7757,11113699
7758,11113698
7759,11113697
7760,11113696
7761,11113695
7762,11113694
7763,11113693
7764,11113692
7765,11113691
7766,11113690
7767,11113689
7768,11113688
7769,11113687
7770,11113686
7771,11113685
7772,11113684
7773,11113683
7774,11113682
7775,11113681
7776,11113680
7777,11113679
7778,11113677
7779,11113676
7780,11113675
7781,11113674
7782,11113673
7783,11113672
7784,11113671
7785,11113670
7786,11113669
7787,11113668
7788,11113667
7789,11113666
7790,11113665
7791,11113664
7792,11113663
7793,11113662
7794,11113661
7795,11113660
7796,11113659
7797,11113658
7798,11113656
7799,11113655
7800,11113654
7801,11113653
7802,11113652
7803,11113651
7804,11113650
7805,11113649
7806,11113648
7807,11113647
7808,11113646
7809,11113645
7810,11113644
7811,11113643
7812,11113642
7813,11113641
7814,11113640
7815,11113639
7816,11113638
7817,11113637
7818,11113636
7819,11113635
7820,11113634
7821,11113633
7822,11113632
7823,11113631
7824,11113630
7825,11113629
7826,11113628
7827,11113627
7828,11113626
7829,11113625
7830,11113624
7831,11113623
7832,11113622
7833,11113621
7834,11113620
7835,11113619
7836,11113618
7837,11113617
7838,11113616
7839,11113615
7840,11113614
7841,11113613
7842,11113612
7843,11113611
7844,11113610
7845,11113609
7846,11113608
7847,11113607
7848,11113606
7849,11113605
7850,11113604
7851,11113603
7852,11113602
7853,11113601
7854,11113600
7855,11113599
7856,11113598
7857,11113597
7858,11113596
7859,11113595
7860,11113594
7861,11113593
7862,11113592
7863,11113591
7864,11113590
7865,11113589
7866,11113588
7867,11113587
7868,11113586
7869,11113585
7870,11113584
7871,11113583
7872,11113582
7873,11113581
7874,11113580
7875,11113579
7876,11113578
7877,11113577
7878,11113576
7879,11113575
7880,11113574
7881,11113573
7882,11113572
7883,11113571
7884,11113570
7885,11113569
7886,11113568
7887,11113567
7888,11113566
7889,11113565
7890,11113564
7891,11113563
7892,11113562
7893,11113561
7894,11113560
7895,11113559
7896,11113558
7897,11113557
7898,11113556
7899,11113555
7900,11113554
7901,11113553
7902,11113552
7903,11113551
7904,11113550
7905,11113549
7906,11113548
7907,11113547
7908,11113546
7909,11113545
7910,11113544
7911,11113543
7912,11113542
7913,11113541
7914,11113540
7915,11113539
7916,11113538
7917,11113537
7918,11113536
7919,11113535
7920,11113534
7921,11113533
7922,11113532
7923,11113531
7924,11113530
7925,11113529
7926,11113528
7927,11113527
7928,11113526
7929,11113525
7930,11113524
7931,11113523
7932,11113522
7933,11113521
7934,11113520
7935,11113519
7936,11113518
7937,11113517
7938,11113516
7939,11113515
7940,11113514
7941,11113513
7942,11113512
7943,11113511
7944,11113509
7945,11113508
7946,11113507
7947,11113506
7948,11113505
7949,11113504
7950,11113503
7951,11113502
7952,11113501
7953,11113500
7954,11113499
7955,11113498
7956,11113497
7957,11113496
7958,11113495
7959,11113494
7960,11113493
7961,11113492
7962,11113491
7963,11113490
7964,11113489
7965,11113488
7966,11113487
7967,11113486
7968,11113485
7969,11113484
7970,11113483
7971,11113482
7972,11113481
7973,11113480
7974,11113479
7975,11113478
7976,11113477
7977,11113476
7978,11113475
7979,11113474
7980,11113473
7981,11113472
7982,11113471
7983,11113470
7984,11113469
7985,11113468
7986,11113467
7987,11113466
7988,11113465
7989,11113464
7990,11113463
7991,11113462
7992,11113461
7993,11113460
7994,11113459
7995,11113458
7996,11113457
7997,11113456
7998,11113455
7999,11113454
8000,11113453
8001,11113452
8002,11113451
8003,11113450
8004,11113449
8005,11113448
8006,11113447
8007,11113446
8008,11113445
8009,11113444
8010,11113443
8011,11113442
8012,11113441
8013,11113440
8014,11113439
8015,11113438
8016,11113437
8017,11113436
8018,11113435
8019,11113434
8020,11113433
8021,11113432
8022,11113431
8023,11113430
8024,11113429
8025,11113428
8026,11113427
8027,11113426
8028,11113425
8029,11113424
8030,11113423
8031,11113422
8032,11113421
8033,11113420
8034,11113419
8035,11113418
8036,11113417
8037,11113416
8038,11113415
8039,11113414
8040,11113413
8041,11113412
8042,11113411
8043,11113410
8044,11113409
8045,11113408
8046,11113407
8047,11113406
8048,11113405
8049,11113404
8050,11113403
8051,11113402
8052,11113401
8053,11113400
8054,11113399
8055,11113398
8056,11113397
8057,11113396
8058,11113395
8059,11113394
8060,11113393
8061,11113392
8062,11113391
8063,11113390
8064,11113389
8065,11113388
8066,11113387
8067,11113386
8068,11113385
8069,11113384
8070,11113383
8071,11113382
8072,11113381
8073,11113380
8074,11113379
8075,11113378
8076,11113377
8077,11113376
8078,11113375
8079,11113374
8080,11113373
8081,11113372
8082,11113371
8083,11113370
8084,11113369
8085,11113368
8086,11113367
8087,11113366
8088,11113365
8089,11113364
8090,11113363
8091,11113362
8092,11113361
8093,11113360
8094,11113359
8095,11113358
8096,11113357
8097,11113356
8098,11113355
8099,11113354
8100,11113353
8101,11113352
8102,11113351
8103,11113350
8104,11113349
8105,11113348
8106,11113347
8107,11113346
8108,11113345
8109,11113344
8110,11113343
8111,11113342
8112,11113341
8113,11113340
8114,11113339
8115,11113338
8116,11113337
8117,11113336
8118,11113335
8119,11113334
8120,11113333
8121,11113332
8122,11113331
8123,11113330
8124,11113329
8125,11113328
8126,11113327
8127,11113325
8128,11113324
8129,11113323
8130,11113322
8131,11113074
8132,11113073
8133,11113072
8134,11113071
8135,11113070
8136,11113069
8137,11113068
8138,11113067
8139,11113066
8140,11113065
8141,11113064
8142,11113063
8143,11113062
8144,11113061
8145,11113060
8146,11113059
8147,11113058
8148,11113057
8149,11113056
8150,11113055
8151,11113054
8152,11113053
8153,11113052
8154,11113051
8155,11113050
8156,11113049
8157,11113048
8158,11113047
8159,11113046
8160,11113045
8161,11113044
8162,11113043
8163,11113042
8164,11113041
8165,11113040
8166,11113039
8167,11113038
8168,11113037
8169,11113036
8170,11113035
8171,11113034
8172,11113033
8173,11113032
8174,11113031
8175,11113030
8176,11113029
8177,11113028
8178,11113027
8179,11113026
8180,11113025
8181,11113024
8182,11113023
8183,11113022
8184,11113021
8185,11113020
8186,11113019
8187,11113018
8188,11113017
8189,11113016
8190,11113015
8191,11113014
8192,11113013
8193,11113012
8194,11113011
8195,11113010
8196,11113009
8197,11113008
8198,11113007
8199,11113006
8200,11113005
8201,11113004
8202,11113002
8203,11113001
8204,11113000
8205,11112999
8206,11112998
8207,11112997
8208,11112996
8209,11112994
8210,11112993
8211,11112992
8212,11112991
8213,11112990
8214,11112989
8215,11112988
8216,11112987
8217,11112986
8218,11112985
8219,11112984
8220,11112983
8221,11112982
8222,11112981
8223,11112980
8224,11112978
8225,11112977
8226,11112976
8227,11112975
8228,11112974
8229,11112973
8230,11112972
8231,11112971
8232,11112970
8233,11112969
8234,11112968
8235,11112967
8236,11112966
8237,11112965
8238,11112964
8239,11112963
8240,11112962
8241,11112961
8242,11112960
8243,11112959
8244,11112958
8245,11112957
8246,11112956
8247,11112955
8248,11112954
8249,11112953
8250,11112952
8251,11112951
8252,11112950
8253,11112949
8254,11112948
8255,11112947
8256,11112946
8257,11112945
8258,11112944
8259,11112943
8260,11112942
8261,11112941
8262,11112940
8263,11112939
8264,11112938
8265,11112937
8266,11112936
8267,11112935
8268,11112934
8269,11112933
8270,11112932
8271,11112931
8272,11112930
8273,11112929
8274,11112928
8275,11112927
8276,11112926
8277,11112925
8278,11112924
8279,11112923
8280,11112922
8281,11112921
8282,11112920
8283,11112919
8284,11112918
8285,11112917
8286,11112916
8287,11112915
8288,11112914
8289,11112913
8290,11112912
8291,11112911
8292,11112910
8293,11112909
8294,11112908
8295,11112907
8296,11112906
8297,11112905
8298,11112904
8299,11112903
8300,11112902
8301,11112901
8302,11112900
8303,11112899
8304,11112898
8305,11112897
8306,11112896
8307,11112895
8308,11112894
8309,11112893
8310,11112892
8311,11112891
8312,11112890
8313,11112889
8314,11112888
8315,11112887
8316,11112886
8317,11112885
8318,11112884
8319,11112883
8320,11112882
8321,11112881
8322,11112880
8323,11112879
8324,11112878
8325,11112877
8326,11112876
8327,11112875
8328,11112874
8329,11112873
8330,11112872
8331,11112871
8332,11112870
8333,11112869
8334,11112868
8335,11112867
8336,11112866
8337,11112865
8338,11112864
8339,11112863
8340,11112862
8341,11112861
8342,11112860
8343,11112859
8344,11112858
8345,11112857
8346,11112856
8347,11112855
8348,11112854
8349,11112853
8350,11112852
8351,11112851
8352,11112850
8353,11112849
8354,11112848
8355,11112847
8356,11112846
8357,11112845
8358,11112844
8359,11112843
8360,11112842
8361,11112841
8362,11112840
8363,11112839
8364,11112838
8365,11112837
8366,11112836
8367,11112835
8368,11112834
8369,11112833
8370,11112832
8371,11112831
8372,11112830
8373,11112829
8374,11112828
8375,11112827
8376,11112826
8377,11112825
8378,11112824
8379,11112823
8380,11112822
8381,11112821
8382,11112820
8383,11112819
8384,11112818
8385,11112817
8386,11112816
8387,11112815
8388,11112814
8389,11112813
8390,11112812
8391,11112811
8392,11112810
8393,11112809
8394,11112808
8395,11112807
8396,11112806
8397,11112805
8398,11112804
8399,11112803
8400,11112802
8401,11112801
8402,11112800
8403,11112799
8404,11112798
8405,11112797
8406,11112796
8407,11112795
8408,11112794
8409,11112793
8410,11112792
8411,11112791
8412,11112790
8413,11112789
8414,11112788
8415,11112787
8416,11112786
8417,11112785
8418,11112784
8419,11112783
8420,11112782
8421,11112781
8422,11112780
8423,11112779
8424,11112778
8425,11112777
8426,11112776
8427,11112775
8428,11112774
8429,11112773
8430,11112772
8431,11112771
8432,11112770
8433,11112769
8434,11112768
8435,11112767
8436,11112766
8437,11112765
8438,11112764
8439,11112763
8440,11112762
8441,11112761
8442,11112760
8443,11112759
8444,11112758
8445,11112757
8446,11112756
8447,11112755
8448,11112754
8449,11112753
8450,11112752
8451,11112751
8452,11112750
8453,11112749
8454,11112748
8455,11112747
8456,11112746
8457,11112745
8458,11112744
8459,11112743
8460,11112742
8461,11112741
8462,11112740
8463,11112739
8464,11112738
8465,11112737
8466,11112736
8467,11112735
8468,11112734
8469,11112733
8470,11112732
8471,11112731
8472,11112730
8473,11112729
8474,11112728
8475,11112727
8476,11112726
8477,11112725
8478,11112724
8479,11112723
8480,11112722
8481,11112721
8482,11112719
8483,11112718
8484,11112717
8485,11112716
8486,11112715
8487,11112714
8488,11112713
8489,11112712
8490,11112711
8491,11112710
8492,11112709
8493,11112708
8494,11112707
8495,11112706
8496,11112705
8497,11112704
8498,11112703
8499,11112702
8500,11112701
8501,11112700
8502,11112699
8503,11112698
8504,11112696
8505,11112695
8506,11112694
8507,11112693
8508,11112692
8509,11112691
8510,11112690
8511,11112689
8512,11112688
8513,11112687
8514,11112686
8515,11112685
8516,11112684
8517,11112683
8518,11112682
8519,11112681
8520,11112680
8521,11112679
8522,11112678
8523,11112677
8524,11112676
8525,11112675
8526,11112674
8527,11112673
8528,11112672
8529,11112671
8530,11112670
8531,11112669
8532,11112668
8533,11112667
8534,11112666
8535,11112665
8536,11112664
8537,11112663
8538,11112662
8539,11112661
8540,11112660
8541,11112658
8542,11112657
8543,11112656
8544,11112655
8545,11112654
8546,11112653
8547,11112652
8548,11112651
8549,11112649
8550,11112648
8551,11112647
8552,11112646
8553,11112645
8554,11112644
8555,11112643
8556,11112642
8557,11112641
8558,11112640
8559,11112639
8560,11112638
8561,11112637
8562,11112636
8563,11112635
8564,11112634
8565,11112633
8566,11112632
8567,11112630
8568,11112629
8569,11112628
8570,11112627
8571,11112626
8572,11112625
8573,11112624
8574,11112623
8575,11112622
8576,11112621
8577,11112620
8578,11112619
8579,11112618
8580,11112617
8581,11112616
8582,11112615
8583,11112614
8584,11112613
8585,11112612
8586,11112611
8587,11112610
8588,11112609
8589,11112608
8590,11112607
8591,11112606
8592,11112605
8593,11112604
8594,11112603
8595,11112602
8596,11112601
8597,11112600
8598,11112599
8599,11112598
8600,11112597
8601,11112596
8602,11112595
8603,11112594
8604,11112593
8605,11112592
8606,11112591
8607,11112590
8608,11112589
8609,11112588
8610,11112587
8611,11112586
8612,11112585
8613,11112584
8614,11112583
8615,11112582
8616,11112581
8617,11112580
8618,11112579
8619,11112578
8620,11112577
8621,11112576
8622,11112575
8623,11112574
8624,11112573
8625,11112572
8626,11112571
8627,11112570
8628,11112569
8629,11112568
8630,11112567
8631,11112566
8632,11112565
8633,11112564
8634,11112563
8635,11112562
8636,11112561
8637,11112560
8638,11112559
8639,11112558
8640,11112557
8641,11112556
8642,11112555
8643,11112554
8644,11112553
8645,11112552
8646,11112551
8647,11112550
8648,11112549
8649,11112548
8650,11112547
8651,11112546
8652,11112545
8653,11112544
8654,11112543
8655,11112542
8656,11112541
8657,11112540
8658,11112539
8659,11112538
8660,11112537
8661,11112536
8662,11112535
8663,11112534
8664,11112533
8665,11112532
8666,11112531
8667,11112529
8668,11112528
8669,11112527
8670,11112526
8671,11112525
8672,11112524
8673,11112523
8674,11112522
8675,11112521
8676,11112520
8677,11112519
8678,11112518
8679,11112517
8680,11112516
8681,11112515
8682,11112514
8683,11112513
8684,11112512
8685,11112511
8686,11112510
8687,11112509
8688,11112508
8689,11112507
8690,11112506
8691,11112505
8692,11112504
8693,11112503
8694,11112502
8695,11112501
8696,11112500
8697,11112499
8698,11112498
8699,11112497
8700,11112496
8701,11112495
8702,11112494
8703,11112493
8704,11112492
8705,11112491
8706,11112490
8707,11112489
8708,11112488
8709,11112487
8710,11112486
8711,11112485
8712,11112484
8713,11112483
8714,11112482
8715,11112481
8716,11112480
8717,11112479
8718,11112478
8719,11112477
8720,11112476
8721,11112475
8722,11112474
8723,11112473
8724,11112472
8725,11112471
8726,11112470
8727,11112469
8728,11112468
8729,11112467
8730,11112466
8731,11112465
8732,11112464
8733,11112463
8734,11112462
8735,11112461
8736,11112460
8737,11112459
8738,11112458
8739,11112457
8740,11112456
8741,11112455
8742,11112454
8743,11112453
8744,11112452
8745,11112451
8746,11112450
8747,11112449
8748,11112448
8749,11112447
8750,11112446
8751,11112445
8752,11112444
8753,11112443
8754,11112442
8755,11112441
8756,11112440
8757,11112439
8758,11112438
8759,11112437
8760,11112436
8761,11112435
8762,11112434
8763,11112433
8764,11112432
8765,11112431
8766,11112430
8767,11112429
8768,11112428
8769,11112427
8770,11112426
8771,11112425
8772,11112424
8773,11112423
8774,11112422
8775,11112421
8776,11112420
8777,11112419
8778,11112418
8779,11112417
8780,11112416
8781,11112415
8782,11112414
8783,11112413
8784,11112412
8785,11112411
8786,11112410
8787,11112409
8788,11112408
8789,11112407
8790,11112406
8791,11112405
8792,11112404
8793,11112403
8794,11112402
8795,11112401
8796,11112400
8797,11112399
8798,11112398
8799,11112397
8800,11112396
8801,11112395
8802,11112394
8803,11112392
8804,11112390
8805,11112389
8806,11112388
8807,11112387
8808,11112386
8809,11112384
8810,11112383
8811,11112381
8812,11112380
8813,11112379
8814,11112378
8815,11112377
8816,11112376
8817,11112375
8818,11112374
8819,11112373
8820,11112372
8821,11112370
8822,11112369
8823,11112368
8824,11112366
8825,11112364
8826,11112363
8827,11112362
8828,11112361
8829,11112360
8830,11112359
8831,11112358
8832,11112357
8833,11112356
8834,11112355
8835,11112354
8836,11112353
8837,11112352
8838,11112350
8839,11112349
8840,11112348
8841,11112347
8842,11112346
8843,11112345
8844,11112344
8845,11112343
8846,11112342
8847,11112341
8848,11112340
8849,11112339
8850,11112338
8851,11112337
8852,11112336
8853,11112335
8854,11112334
8855,11112333
8856,11112332
8857,11112331
8858,11112330
8859,11112329
8860,11112328
8861,11112327
8862,11112326
8863,11112325
8864,11112324
8865,11112323
8866,11112322
8867,11112321
8868,11112320
8869,11112319
8870,11112318
8871,11112317
8872,11112316
8873,11112315
8874,11112314
8875,11112313
8876,11112312
8877,11112311
8878,11112310
8879,11112309
8880,11112308
8881,11112307
8882,11112306
8883,11112305
8884,11112304
8885,11112303
8886,11112302
8887,11112301
8888,11112300
8889,11112299
8890,11112298
8891,11112297
8892,11112296
8893,11112295
8894,11112294
8895,11112293
8896,11112292
8897,11112291
8898,11112290
8899,11112289
8900,11112288
8901,11112287
8902,11112286
8903,11112285
8904,11112284
8905,11112283
8906,11112282
8907,11112281
8908,11112280
8909,11112279
8910,11112278
8911,11112277
8912,11112276
8913,11112275
8914,11112274
8915,11112273
8916,11112272
8917,11112271
8918,11112270
8919,11112269
8920,11112268
8921,11112267
8922,11112266
8923,11112265
8924,11112264
8925,11112263
8926,11112262
8927,11112261
8928,11112260
8929,11112259
8930,11112258
8931,11112257
8932,11112256
8933,11112255
8934,11112254
8935,11112253
8936,11112252
8937,11112251
8938,11112250
8939,11112249
8940,11112248
8941,11112247
8942,11112246
8943,11112245
8944,11112244
8945,11112243
8946,11112242
8947,11112240
8948,11112239
8949,11112238
8950,11112237
8951,11112236
8952,11112235
8953,11112233
8954,11112232
8955,11112231
8956,11112230
8957,11112229
8958,11112228
8959,11112227
8960,11112226
8961,11112225
8962,11112224
8963,11112222
8964,11112221
8965,11112220
8966,11112219
8967,11112218
8968,11112217
8969,11112216
8970,11112215
8971,11112214
8972,11112213
8973,11112212
8974,11112211
8975,11112210
8976,11112209
8977,11112208
8978,11112207
8979,11112206
8980,11112205
8981,11112204
8982,11112203
8983,11112202
8984,11112201
8985,11112200
8986,11112199
8987,11112198
8988,11112197
8989,11112196
8990,11112195
8991,11112194
8992,11112193
8993,11112192
8994,11112191
8995,11112190
8996,11112189
8997,11112188
8998,11112187
8999,11112186
9000,11112185
9001,11112184
9002,11112183
9003,11112181
9004,11112180
9005,11112179
9006,11112178
9007,11112177
9008,11112176
9009,11112175
9010,11112174
9011,11112173
9012,11112172
9013,11112171
9014,11112170
9015,11112169
9016,11112168
9017,11112167
9018,11112166
9019,11112165
9020,11112164
9021,11112163
9022,11112162
9023,11112161
9024,11112160
9025,11112159
9026,11112158
9027,11112157
9028,11112156
9029,11112155
9030,11112154
9031,11112153
9032,11112152
9033,11112151
9034,11112150
9035,11112148
9036,11112147
9037,11112146
9038,11112145
9039,11112144
9040,11112143
9041,11112142
9042,11112141
9043,11112140
9044,11112139
9045,11112138
9046,11112137
9047,11112136
9048,11112135
9049,11112134
9050,11112133
9051,11112132
9052,11112131
9053,11112130
9054,11112129
9055,11112128
9056,11112127
9057,11112126
9058,11112125
9059,11112123
9060,11112122
9061,11112121
9062,11112120
9063,11112119
9064,11112118
9065,11112117
9066,11112116
9067,11112115
9068,11112114
9069,11112113
9070,11112112
9071,11112111
9072,11112110
9073,11112109
9074,11112108
9075,11112107
9076,11112106
9077,11112105
9078,11112104
9079,11112103
9080,11112102
9081,11112101
9082,11112100
9083,11112099
9084,11112098
9085,11112097
9086,11112096
9087,11112095
9088,11112094
9089,11112093
9090,11112092
9091,11112091
9092,11112090
9093,11112089
9094,11112088
9095,11112087
9096,11112086
9097,11112085
9098,11112084
9099,11112083
9100,11112081
9101,11112080
9102,11112079
9103,11112077
9104,11112076
9105,11112075
9106,11112074
9107,11112073
9108,11112072
9109,11112070
9110,11112069
9111,11112068
9112,11112067
9113,11112066
9114,11112065
9115,11112064
9116,11112063
9117,11112062
9118,11112061
9119,11112060
9120,11112059
9121,11112058
9122,11112057
9123,11112056
9124,11112055
9125,11112054
9126,11112052
9127,11112051
9128,11112050
9129,11112048
9130,11112047
9131,11112046
9132,11112045
9133,11112043
9134,11112042
9135,11112041
9136,11112040
9137,11112039
9138,11112038
9139,11112037
9140,11112036
9141,11112035
9142,11112034
9143,11112033
9144,11112032
9145,11112031
9146,11112030
9147,11112029
9148,11112028
9149,11112027
9150,11112026
9151,11112025
9152,11112024
9153,11112023
9154,11112022
9155,11112021
9156,11112020
9157,11112019
9158,11112018
9159,11112017
9160,11112015
9161,11112014
9162,11112013
9163,11112012
9164,11112011
9165,11112010
9166,11112009
9167,11112008
9168,11112007
9169,11112006
9170,11112005
9171,11112004
9172,11112003
9173,11112002
9174,11112001
9175,11112000
9176,11111999
9177,11111998
9178,11111996
9179,11111995
9180,11111994
9181,11111993
9182,11111992
9183,11111991
9184,11111990
9185,11111989
9186,11111988
9187,11111987
9188,11111986
9189,11111983
9190,11111982
9191,11111980
9192,11111979
9193,11111978
9194,11111977
9195,11111976
9196,11111975
9197,11111974
9198,11111973
9199,11111972
9200,11111971
9201,11111970
9202,11111969
9203,11111968
9204,11111967
9205,11111964
9206,11111963
9207,11111962
9208,11111961
9209,11111960
9210,11111958
9211,11111956
9212,11111955
9213,11111954
9214,11111953
9215,11111952
9216,11111951
9217,11111950
9218,11111949
9219,11111948
9220,11111947
9221,11111946
9222,11111945
9223,11111944
9224,11111943
9225,11111942
9226,11111941
9227,11111940
9228,11111938
9229,11111937
9230,11111936
9231,11111935
9232,11111932
9233,11111931
9234,11111930
9235,11111929
9236,11111928
9237,11111926
9238,11111925
9239,11111924
9240,11111922
9241,11111921
9242,11111920
9243,11111919
9244,11111918
9245,11111917
9246,11111916
9247,11111913
9248,11111912
9249,11111911
9250,11111909
9251,11111908
9252,11111907
9253,11111906
9254,11111905
9255,11111904
9256,11111902
9257,11111901
9258,11111900
9259,11111899
9260,11111898
9261,11111897
9262,11111895
9263,11111894
9264,11111892
9265,11111890
9266,11111889
9267,11111888
9268,11111884
9269,11111883
9270,11111881
9271,11111879
9272,11111875
9273,11111874
9274,11111873
9275,11111872
9276,11111871
9277,11111870
9278,11111868
9279,11111867
9280,11111866
9281,11111865
9282,11111864
9283,11111863
9284,11111862
9285,11111861
9286,11111860
9287,11111859
9288,11111858
9289,11111856
9290,11111854
9291,11111853
9292,11111851
9293,11111850
9294,11111849
9295,11111848
9296,11111847
9297,11111845
9298,11111844
9299,11111843
9300,11111842
9301,11111841
9302,11111839
9303,11111838
9304,11111837
9305,11111836
9306,11111835
9307,11111834
9308,11111831
9309,11111829
9310,11111827
9311,11111826
9312,11111825
9313,11111824
9314,11111823
9315,11111821
9316,11111820
9317,11111816
9318,11111815
9319,11111812
9320,11111811
9321,11111810
9322,11111808
9323,11111805
9324,11111804
9325,11111802
9326,11111801
9327,11111798
9328,11111796
9329,11111795
9330,11111794
9331,11111792
9332,11111791
9333,11111790
9334,11111789
9335,11111787
9336,11111786
9337,11111784
9338,11111783
9339,11111782
9340,11111781
9341,11111780
9342,11111779
9343,11111778
9344,11111777
9345,11111776
9346,11111775
9347,11111774
9348,11111771
9349,11111770
9350,11111768
9351,11111767
9352,11111766
9353,11111765
9354,11111764
9355,11111763
9356,11111762
9357,11111761
9358,11111760
9359,11111759
9360,11111758
9361,11111756
9362,11111755
9363,11111754
9364,11111752
9365,11111751
9366,11111750
9367,11111749
9368,11111748
9369,11111746
9370,11111744
9371,11111743
9372,11111741
9373,11111740
9374,11111739
9375,11111738
9376,11111737
9377,11111736
9378,11111734
9379,11111733
9380,11111730
9381,11111728
9382,11111727
9383,11111725
9384,11111724
9385,11111723
9386,11111721
9387,11111720
9388,11111719
9389,11111718
9390,11111717
9391,11111715
9392,11111714
9393,11111713
9394,11111712
9395,11111710
9396,11111709
9397,11111708
9398,11111707
9399,11111703
9400,11111702
9401,11111701
9402,11111700
9403,11111699
9404,11111697
9405,11111696
9406,11111695
9407,11111694
9408,11111693
9409,11111692
9410,11111691
9411,11111690
9412,11111689
9413,11111688
9414,11111687
9415,11111686
9416,11111685
9417,11111684
9418,11111683
9419,11111682
9420,11111681
9421,11111680
9422,11111679
9423,11111678
9424,11111677
9425,11111676
9426,11111675
9427,11111673
9428,11111672
9429,11111671
9430,11111670
9431,11111669
9432,11111668
9433,11111666
9434,11111665
9435,11111664
9436,11111663
9437,11111662
9438,11111661
9439,11111660
9440,11111656
9441,11111655
9442,11111654
9443,11111653
9444,11111652
9445,11111651
9446,11111650
9447,11111649
9448,11111648
9449,11111647
9450,11111646
9451,11111644
9452,11111642
9453,11111640
9454,11111639
9455,11111638
9456,11111637
9457,11111635
9458,11111634
9459,11111632
9460,11111631
9461,11111630
9462,11111628
9463,11111627
9464,11111626
9465,11111624
9466,11111623
9467,11111621
9468,11111620
9469,11111618
9470,11111617
9471,11111616
9472,11111614
9473,11111612
9474,11111611
9475,11111610
9476,11111609
9477,11111608
9478,11111606
9479,11111605
9480,11111604
9481,11111602
9482,11111601
9483,11111599
9484,11111598
9485,11111597
9486,11111586
9487,11111584
9488,11111583
9489,11111582
9490,11111581
9491,11111580
9492,11111579
9493,11111578
9494,11111577
9495,11111576
9496,11111574
9497,11111573
9498,11111572
9499,11111571
9500,11111570
9501,11111569
9502,11111568
9503,11111566
9504,11111565
9505,11111563
9506,11111562
9507,11111561
9508,11111560
9509,11111558
9510,11111557
9511,11111556
9512,11111554
9513,11111553
9514,11111552
9515,11111550
9516,11111549
9517,11111547
9518,11111546
9519,11111545
9520,11111544
9521,11111543
9522,11111540
9523,11111538
9524,11111537
9525,11111535
9526,11111534
9527,11111533
9528,11111532
9529,11111531
9530,11111530
9531,11111529
9532,11111528
9533,11111527
9534,11111525
9535,11111524
9536,11111523
9537,11111521
9538,11111519
9539,11111517
9540,11111516
9541,11111515
9542,11111514
9543,11111513
9544,11111512
9545,11111511
9546,11111510
9547,11111509
9548,11111506
9549,11111504
9550,11111503
9551,11111502
9552,11111501
9553,11111499
9554,11111498
9555,11111497
9556,11111496
9557,11111495
9558,11111494
9559,11111493
9560,11111491
9561,11111490
9562,11111488
9563,11111487
9564,11111486
9565,11111485
9566,11111484
9567,11111483
9568,11111481
9569,11111480
9570,11111479
9571,11111478
9572,11111476
9573,11111475
9574,11111474
9575,11111473
9576,11111472
9577,11111470
9578,11111468
9579,11111466
9580,11111465
9581,11111464
9582,11111463
9583,11111461
9584,11111459
9585,11111458
9586,11111455
9587,11111454
9588,11111453
9589,11111452
9590,11111450
9591,11111448
9592,11111447
9593,11111446
9594,11111445
9595,11111444
9596,11111442
9597,11111441
9598,11111438
9599,11111437
9600,11111436
9601,11111435
9602,11111434
9603,11111432
9604,11111431
9605,11111430
9606,11111429
9607,11111428
9608,11111426
9609,11111424
9610,11111423
9611,11111422
9612,11111421
9613,11111420
9614,11111419
9615,11111418
9616,11111417
9617,11111415
9618,11111414
9619,11111413
9620,11111412
9621,11111411
9622,11111410
9623,11111409
9624,11111407
9625,11111406
9626,11111405
9627,11111404
9628,11111403
9629,11111402
9630,11111401
9631,11111400
9632,11111399
9633,11111398
9634,11111396
9635,11111395
9636,11111391
9637,11111390
9638,11111387
9639,11111386
9640,11111385
9641,11111384
9642,11111383
9643,11111380
9644,11111379
9645,11111378
9646,11111376
9647,11111375
9648,11111374
9649,11111373
9650,11111372
9651,11111371
9652,11111370
9653,11111369
9654,11111368
9655,11111367
9656,11111366
9657,11111365
9658,11111364
9659,11111361
9660,11111360
9661,11111359
9662,11111356
9663,11111355
9664,11111354
9665,11111351
9666,11111350
9667,11111349
9668,11111348
9669,11111345
9670,11111344
9671,11111343
9672,11111341
9673,11111339
9674,11111338
9675,11111337
9676,11111335
9677,11111334
9678,11111333
9679,11111332
9680,11111331
9681,11111330
9682,11111329
9683,11111327
9684,11111326
9685,11111325
9686,11111324
9687,11111323
9688,11111322
9689,11111321
9690,11111319
9691,11111318
9692,11111316
9693,11111315
9694,11111314
9695,11111313
9696,11111312
9697,11111311
9698,11111309
9699,11111308
9700,11111306
9701,11111304
9702,11111302
9703,11111301
9704,11111300
9705,11111299
9706,11111298
9707,11111297
9708,11111296
9709,11111295
9710,11111293
9711,11111292
9712,11111291
9713,11111289
9714,11111288
9715,11111287
9716,11111285
9717,11111284
9718,11111283
9719,11111282
9720,11111281
9721,11111280
9722,11111278
9723,11111277
9724,11111275
9725,11111274
9726,11111272
9727,11111271
9728,11111270
9729,11111267
9730,11111266
9731,11111263
9732,11111262
9733,11111261
9734,11111258
9735,11111257
9736,11111256
9737,11111255
9738,11111254
9739,11111253
9740,11111252
9741,11111251
9742,11111250
9743,11111249
9744,11111248
9745,11111247
9746,11111246
9747,11111245
9748,11111244
9749,11111242
9750,11111241
9751,11111240
9752,11111238
9753,11111237
9754,11111236
9755,11111230
9756,11111228
9757,11111226
9758,11111225
9759,11111224
9760,11111223
9761,11111222
9762,11111221
9763,11111220
9764,11111217
9765,11111216
9766,11111215
9767,11111213
9768,11111212
9769,11111211
9770,11111210
9771,11111209
9772,11111208
9773,11111207
9774,11111206
9775,11111205
9776,11111204
9777,11111203
9778,11111201
9779,11111200
9780,11111199
9781,11111198
9782,11111197
9783,11111196
9784,11111195
9785,11111194
9786,11111193
9787,11111192
9788,11111191
9789,11111188
9790,11111187
9791,11111185
9792,11111183
9793,11111182
9794,11111180
9795,11111179
9796,11111178
9797,11111177
9798,11111176
9799,11111175
9800,11111174
9801,11111173
9802,11111172
9803,11111170
9804,11111169
9805,11111168
9806,11111166
9807,11111165
9808,11111164
9809,11111163
9810,11111159
9811,11111156
9812,11111155
9813,11111154
9814,11111153
9815,11111152
9816,11111151
9817,11111150
9818,11111147
9819,11111145
9820,11111144
9821,11111143
9822,11111141
9823,11111140
9824,11111139
9825,11111138
9826,11111137
9827,11111136
9828,11111135
9829,11111134
9830,11111131
9831,11111129
9832,11111128
9833,11111127
9834,11111126
9835,11111125
9836,11111123
9837,11111122
9838,11111120
9839,11111118
9840,11111117
9841,11111115
9842,11111114
9843,11111112
9844,11111111
9845,11111109
9846,11111108
9847,11111107
9848,11111104
9849,11111103
9850,11111102
9851,11111101
9852,11111100
9853,11111099
9854,11111098
9855,11111097
9856,11111096
9857,11111094
9858,11111093
9859,11111092
9860,11111091
9861,11111090
9862,11111089
9863,11111088
9864,11111087
9865,11111086
9866,11111084
9867,11111083
9868,11111082
9869,11111081
9870,11111079
9871,11111078
9872,11111077
9873,11111076
9874,11111075
9875,11111074
9876,11111073
9877,11111072
9878,11111071
9879,11111070
9880,11111069
9881,11111068
9882,11111067
9883,11111066
9884,11111065
9885,11111064
9886,11111062
9887,11111060
9888,11111059
9889,11111058
9890,11111057
9891,11111056
9892,11111055
9893,11111054
9894,11111053
9895,11111052
9896,11111051
9897,11111050
9898,11111047
9899,11111046
9900,11111045
9901,11111044
9902,11111043
9903,11111041
9904,11111040
9905,11111039
9906,11111038
9907,11111037
9908,11111035
9909,11111034
9910,11111033
9911,11111030
9912,11111028
9913,11111027
9914,11111026
9915,11111025
9916,11111024
9917,11111023
9918,11111022
9919,11111021
9920,11111020
9921,11111018
9922,11111017
9923,11111016
9924,11111015
9925,11111014
9926,11111013
9927,11111012
9928,11111010
9929,11111008
9930,11111006
9931,11111005
9932,11111003
9933,11111002
9934,11111001
9935,11111000
9936,11110999
9937,11110996
9938,11110994
9939,11110993
9940,11110992
9941,11110991
9942,11110990
9943,11110989
9944,11110988
9945,11110987
9946,11110985
9947,11110984
9948,11110983
9949,11110981
9950,11110979
9951,11110978
9952,11110977
9953,11110976
9954,11110975
9955,11110974
9956,11110973
9957,11110972
9958,11110971
9959,11110970
9960,11110968
9961,11110966
9962,11110965
9963,11110964
9964,11110963
9965,11110962
9966,11110961
9967,11110960
9968,11110958
9969,11110957
9970,11110955
9971,11110954
9972,11110953
9973,11110952
9974,11110951
9975,11110949
9976,11110946
9977,11110945
9978,11110944
9979,11110943
9980,11110942
9981,11110940
9982,11110938
9983,11110937
9984,11110936
9985,11110935
9986,11110934
9987,11110932
9988,11110931
9989,11110929
9990,11110927
9991,11110925
9992,11110924
9993,11110923
9994,11110922
9995,11110921
9996,11110920
9997,11110919
9998,11110917
9999,11110916
10000,11110915
10001,11110914
10002,11110913
10003,11110905
10004,11110902
10005,11110900
10006,11110899
10007,11110897
10008,11110895
10009,11110893
10010,11110892
10011,11110891
10012,11110889
10013,11110886
10014,11110885
10015,11110884
10016,11110883
10017,11110881
10018,11110879
10019,11110878
10020,11110877
10021,11110875
10022,11110873
10023,11110872
10024,11110870
10025,11110869
10026,11110868
10027,11110867
10028,11110864
10029,11110863
10030,11110862
10031,11110859
10032,11110858
10033,11110857
10034,11110856
10035,11110855
10036,11110854
10037,11110852
10038,11110850
10039,11110847
10040,11110846
10041,11110845
10042,11110844
10043,11110842
10044,11110841
10045,11110840
10046,11110839
10047,11110838
10048,11110837
10049,11110836
10050,11110835
10051,11110832
10052,11110831
10053,11110829
10054,11110827
10055,11110826
10056,11110825
10057,11110824
10058,11110823
10059,11110822
10060,11110821
10061,11110820
10062,11110818
10063,11110817
10064,11110816
10065,11110815
10066,11110813
10067,11110812
10068,11110811
10069,11110810
10070,11110809
10071,11110808
10072,11110807
10073,11110805
10074,11110804
10075,11110803
10076,11110802
10077,11110801
10078,11110800
10079,11110798
10080,11110797
10081,11110796
10082,11110795
10083,11110793
10084,11110792
10085,11110791
10086,11110790
10087,11110788
10088,11110787
10089,11110786
10090,11110785
10091,11110784
10092,11110783
10093,11110782
10094,11110780
10095,11110779
10096,11110778
10097,11110777
10098,11110776
10099,11110775
10100,11110773
10101,11110771
10102,11110770
10103,11110769
10104,11110768
10105,11110767
10106,11110766
10107,11110765
10108,11110762
10109,11110760
10110,11110759
10111,11110758
10112,11110757
10113,11110755
10114,11110754
10115,11110753
10116,11110752
10117,11110751
10118,11110750
10119,11110744
10120,11110743
10121,11110742
10122,11110741
10123,11110739
10124,11110738
10125,11110737
10126,11110736
10127,11110734
10128,11110732
10129,11110731
10130,11110730
10131,11110729
10132,11110727
10133,11110726
10134,11110724
10135,11110723
10136,11110721
10137,11110719
10138,11110718
10139,11110717
10140,11110716
10141,11110715
10142,11110714
10143,11110712
10144,11110711
10145,11110710
10146,11110709
10147,11110708
10148,11110707
10149,11110706
10150,11110705
10151,11110704
10152,11110703
10153,11110702
10154,11110698
10155,11110697
10156,11110696
10157,11110695
10158,11110693
10159,11110691
10160,11110690
10161,11110686
10162,11110685
10163,11110682
10164,11110679
10165,11110678
10166,11110677
10167,11110676
10168,11110674
10169,11110673
10170,11110672
10171,11110671
10172,11110670
10173,11110669
10174,11110668
10175,11110667
10176,11110666
10177,11110664
10178,11110663
10179,11110661
10180,11110660
10181,11110659
10182,11110658
10183,11110657
10184,11110656
10185,11110655
10186,11110654
10187,11110653
10188,11110652
10189,11110651
10190,11110650
10191,11110649
10192,11110647
10193,11110646
10194,11110645
10195,11110644
10196,11110643
10197,7978455
10198,7978445
10199,7978437
10200,7978375
10201,7978363
10202,7978252
10203,7978231
10204,7978209
10205,7978203
10206,7978071
10207,7977971
10208,7977954
10209,7977930
10210,7977873
10211,7977858
10212,7977815
10213,7977786
10214,7977783
10215,7977748
10216,7977747
10217,7977574
10218,7977532
10219,7977466
10220,7977434
10221,7977391
10222,7977334
10223,7977295
10224,7977291
10225,7977146
10226,7977135
10227,7977090
10228,7977073
10229,7977063
10230,7977052
10231,7977024
10232,7976994
10233,7976966
10234,7976938
10235,7976920
10236,7976809
10237,7976801
10238,7976787
10239,7976782
10240,7976748
10241,7976741
10242,7976568
10243,7976496
10244,7976436
10245,7976365
10246,7976341
10247,7976298
10248,7976256
10249,7976208
10250,7976204
10251,7976196
10252,7976045
10253,7975996
10254,7975886
10255,7975859
10256,7975686
10257,7975674
10258,7975646
10259,7975616
10260,7975573
10261,7975494
10262,7975458
10263,7975365
10264,7975336
10265,7975242
10266,7975189
10267,7975186
10268,7975125
10269,7975101
10270,7975066
10271,7974951
10272,7974907
10273,7974886
10274,7974823
10275,7974811
10276,7974781
10277,7974741
10278,7974699
10279,7974664
10280,7974603
10281,7974511
10282,7974448
10283,7974447
10284,7974411
10285,7974345
10286,7974328
10287,7974274
10288,7974256
10289,7974225
10290,7974123
10291,7974056
10292,7974048
10293,7974021
10294,7973987
10295,7973964
10296,7973923
10297,7973909
10298,7973849
10299,7973798
10300,7973786
10301,7973776
10302,7973771
10303,7973657
10304,7973621
10305,7973588
10306,7973497
10307,7973477
10308,7973436
10309,7973411
10310,7973380
10311,7973357
10312,7973242
10313,7973228
10314,7973151
10315,7973141
10316,7973139
10317,7973131
10318,7973019
10319,7972985
10320,7972981
10321,7972961
10322,7972958
10323,7972921
10324,7972896
10325,7972895
10326,7972835
10327,7972814
10328,7972806
10329,7972790
10330,7972712
10331,7972667
10332,7972666
10333,7972662
10334,7972648
10335,7972600
10336,7972595
10337,7972566
10338,7972563
10339,7972541
10340,7972488
10341,7972483
10342,7972382
10343,7972303
10344,7972296
10345,7972294
10346,7972272
10347,7972241
10348,7972131
10349,7972073
10350,7972054
10351,7971951
10352,4265800
10353,4265494
10354,4262034
10355,4255778
10356,4254435
10357,4254434
10358,4254433
10359,4254432
10360,4254431
10361,4254430
10362,4254429
10363,4254428
10364,4254427
10365,4254426
10366,4254425
10367,4254424
10368,4254423
10369,4254422
10370,4254421
10371,4254420
10372,4254419
10373,4254418
10374,4254417
10375,4254416
10376,4254415
10377,4254414
10378,4254413
10379,4254412
10380,4254411
10381,4254410
10382,4254409
10383,4254407
10384,4254406
10385,4254405
10386,4254404
10387,4254402
10388,4254401
10389,4254400
10390,4254399
10391,4254397
10392,4254396
10393,4254395
10394,4254394
10395,4254393
10396,4254392
10397,4254391
10398,4254390
10399,4254389
10400,4254388
10401,4254387
10402,4254386
10403,4254385
10404,4254384
10405,4254383
10406,4254381
10407,4254380
10408,4254379
10409,4254378
10410,4254377
10411,4254376
10412,4254375
10413,4254374
10414,4254373
10415,4254372
10416,4254371
10417,4254370
10418,4254369
10419,4254368
10420,4254367
10421,4254366
10422,4254365
10423,4254364
10424,4254363
10425,4254362
10426,4254361
10427,4254359
10428,4254358
10429,4254357
10430,4254356
10431,4254355
10432,4254354
10433,4254353
10434,4254352
10435,4254351
10436,4254350
10437,4254349
10438,4254348
10439,4254347
10440,4254346
10441,4254345
10442,4254344
10443,4254343
10444,4254342
10445,4254341
10446,4254340
10447,4254339
10448,4254338
10449,4254337
10450,4254336
10451,4254335
10452,4254334
10453,4254333
10454,4254332
10455,4254331
10456,4254330
10457,4254329
10458,4254328
10459,4254327
10460,4254326
10461,4254325
10462,4254324
10463,4254323
10464,4254322
10465,4254321
10466,4254320
10467,4254319
10468,4254318
10469,4254317
10470,4254316
10471,4254315
10472,4254314
10473,4254313
10474,4254312
10475,4254311
10476,4254310
10477,4254309
10478,4254308
10479,4254307
10480,4254306
10481,4254305
10482,4254304
10483,4254303
10484,4254302
10485,4254301
10486,4254300
10487,4254299
10488,4254298
10489,4254297
10490,4254296
10491,4254295
10492,4254294
10493,4254293
10494,4254292
10495,4254291
10496,4254290
10497,4254289
10498,4254288
10499,4254287
10500,4254286
10501,4254285
10502,4254284
10503,4254283
10504,4254282
10505,4254281
10506,4254280
10507,4254279
10508,4254278
10509,4254277
10510,4254276
10511,4254275
10512,4254274
10513,4254273
10514,4254272
10515,4254271
10516,4254270
10517,4254269
10518,4254268
10519,4254267
10520,4254266
10521,4254265
10522,4254264
10523,4254263
10524,4254261
10525,4254260
10526,4254259
10527,4254258
10528,4254257
10529,4254256
10530,4254255
10531,4254254
10532,4254253
10533,4254252
10534,4254251
10535,4254250
10536,4254249
10537,4254248
10538,4254247
10539,4254246
10540,4254245
10541,4254244
10542,4254243
10543,4254242
10544,4254241
10545,4254240
10546,4254239
10547,4254238
10548,4254237
10549,4254236
10550,4254235
10551,4254234
10552,4254233
10553,4254232
10554,4254231
10555,4254230
10556,4254229
10557,4254228
10558,4254227
10559,4254226
10560,4254225
10561,4254224
10562,4254223
10563,4254222
10564,4254221
10565,4254220
10566,4254219
10567,4254218
10568,4254217
10569,4254216
10570,4254215
10571,4254214
10572,4254213
10573,4254212
10574,4254211
10575,4254210
10576,4254209
10577,4254208
10578,4254207
10579,4254206
10580,4254205
10581,4254204
10582,4254203
10583,4254202
10584,4254201
10585,4254200
10586,4254198
10587,4254197
10588,4254196
10589,4254195
10590,4254194
10591,4254193
10592,4254192
10593,4254191
10594,4254190
10595,4254189
10596,4254188
10597,4254185
10598,4254184
10599,4254183
10600,4254181
10601,4254180
10602,4254179
10603,4254178
10604,4254177
10605,4254176
10606,4254175
10607,4254174
10608,4254173
10609,4254171
10610,4254170
10611,4254169
10612,4254168
10613,4254167
10614,4254166
10615,4254165
10616,4254164
10617,4254163
10618,4254162
10619,4254161
10620,4254160
10621,4254159
10622,4254158
10623,4254157
10624,4254156
10625,4254155
10626,4254154
10627,4254153
10628,4254152
10629,4254151
10630,4254150
10631,4254148
10632,4254147
10633,4254146
10634,4254145
10635,4254144
10636,4254143
10637,4254142
10638,4254141
10639,4254140
10640,4254139
10641,4254138
10642,4254137
10643,4254136
10644,4254135
10645,4254134
10646,4254133
10647,4254132
10648,4254131
10649,4254130
10650,4254129
10651,4254128
10652,4254127
10653,4254126
10654,4254125
10655,4254124
10656,4254123
10657,4254122
10658,4254121
10659,4254120
10660,4254119
10661,4254118
10662,4254117
10663,4254116
10664,4254115
10665,4254114
10666,4254113
10667,4254112
10668,4254111
10669,4254110
10670,4254109
10671,4254108
10672,4254107
10673,4254106
10674,4254105
10675,4254104
10676,4254103
10677,4254102
10678,4254101
10679,4254100
10680,4254099
10681,4254098
10682,4254097
10683,4254096
10684,4254095
10685,4254094
10686,4254093
10687,4254092
10688,4254091
10689,4254090
10690,4254089
10691,4254088
10692,4254087
10693,4254086
10694,4254085
10695,4254084
10696,4254083
10697,4254082
10698,4254081
10699,4254080
10700,4254079
10701,4254078
10702,4254077
10703,4254076
10704,4254075
10705,4254074
10706,4254073
10707,4254072
10708,4254071
10709,4254070
10710,4254069
10711,4254068
10712,4254067
10713,4254066
10714,4254065
10715,4254064
10716,4254063
10717,4254062
10718,4254061
10719,4254060
10720,4254059
10721,4254058
10722,4254057
10723,4254056
10724,4254055
10725,4254054
10726,4254053
10727,4254052
10728,4254051
10729,4254050
10730,4254049
10731,4254048
10732,4254047
10733,4254046
10734,4254045
10735,4254044
10736,4254043
10737,4254042
10738,4254041
10739,4254040
10740,4254039
10741,4254038
10742,4254037
10743,4254036
10744,4254035
10745,4254034
10746,4254033
10747,4254032
10748,4254031
10749,4254030
10750,4254029
10751,4254028
10752,4254027
10753,4254026
10754,4254025
10755,4254024
10756,4254023
10757,4254022
10758,4254021
10759,4254020
10760,4254019
10761,4254018
10762,4254017
10763,4254016
10764,4254015
10765,4254014
10766,4254013
10767,4254012
10768,4254011
10769,4254010
10770,4254009
10771,4254008
10772,4254007
10773,4254006
10774,4254005
10775,4254004
10776,4254003
10777,4254002
10778,4254001
10779,4254000
10780,4253999
10781,4253998
10782,4253997
10783,4253996
10784,4253995
10785,4253994
10786,4253993
10787,4253992
10788,4253991
10789,4253990
10790,4253989
10791,4253988
10792,4253987
10793,4253986
10794,4253985
10795,4253984
10796,4253982
10797,4253981
10798,4253980
10799,4253979
10800,4253978
10801,4253977
10802,4253976
10803,4253975
10804,4253974
10805,4253973
10806,4253972
10807,4253971
10808,4253970
10809,4253969
10810,4253968
10811,4253967
10812,4253966
10813,4253965
10814,4253964
10815,4253962
10816,4253961
10817,4253960
10818,4253958
10819,4253957
10820,4253956
10821,4253955
10822,4253954
10823,4253953
10824,4253952
10825,4253951
10826,4253950
10827,4253949
10828,4253948
10829,4253947
10830,4253946
10831,4253945
10832,4253944
10833,4253943
10834,4253942
10835,4253941
10836,4253940
10837,4253939
10838,4253938
10839,4253937
10840,4253936
10841,4253935
10842,4253934
10843,4253932
10844,4253931
10845,4253929
10846,4253928
10847,4253927
10848,4253926
10849,4253925
10850,4253924
10851,4253923
10852,4253922
10853,4253921
10854,4253920
10855,4253919
10856,4253918
10857,4253917
10858,4253916
10859,4253915
10860,4253914
10861,4253913
10862,4253912
10863,4253911
10864,4253910
10865,4253909
10866,4253908
10867,4253907
10868,4253906
10869,4253905
10870,4253904
10871,4253903
10872,4253902
10873,4253901
10874,4253900
10875,4253899
10876,4253898
10877,4253897
10878,4253896
10879,4253895
10880,4253894
10881,4253893
10882,4253892
10883,4253891
10884,4253890
10885,4253889
10886,4253888
10887,4253887
10888,4253885
10889,4253884
10890,4253883
10891,4253882
10892,4253881
10893,4253880
10894,4253879
10895,4253878
10896,4253877
10897,4253876
10898,4253875
10899,4253874
10900,4253873
10901,4253872
10902,4253871
10903,4253870
10904,4253869
10905,4253868
10906,4253867
10907,4253866
10908,4253865
10909,4253864
10910,4253863
10911,4253862
10912,4253861
10913,4253859
10914,4253858
10915,4253857
10916,4253856
10917,4253855
10918,4253854
10919,4253853
10920,4253852
10921,4253851
10922,4253850
10923,4253849
10924,4253848
10925,4253847
10926,4253846
10927,4253845
10928,4253844
10929,4253843
10930,4253842
10931,4253841
10932,4253840
10933,4253839
10934,4253838
10935,4253837
10936,4253836
10937,4253835
10938,4253834
10939,4253833
10940,4253832
10941,4253831
10942,4253830
10943,4253829
10944,4253828
10945,4253827
10946,4253826
10947,4253825
10948,4253824
10949,4253823
10950,4253822
10951,4253821
10952,4253820
10953,4253819
10954,4253818
10955,4253817
10956,4253816
10957,4253815
10958,4253814
10959,4253813
10960,4253812
10961,4253811
10962,4253810
10963,4253809
10964,4253808
10965,4253807
10966,4253806
10967,4253805
10968,4253804
10969,4253803
10970,4253802
10971,4253801
10972,4253800
10973,4253799
10974,4253798
10975,4253797
10976,4253796
10977,4253795
10978,4253794
10979,4253793
10980,4253792
10981,4253791
10982,4253790
10983,4253789
10984,4253788
10985,4253787
10986,4253786
10987,4253785
10988,4253784
10989,4253783
10990,4253782
10991,4253781
10992,4253780
10993,4253779
10994,4253778
10995,4253777
10996,4253776
10997,4253775
10998,4253774
10999,4253773
11000,4253772
11001,4253771
11002,4253770
11003,4253769
11004,4253768
11005,4253767
11006,4253766
11007,4253765
11008,4253764
11009,4253763
11010,4253762
11011,4253761
11012,4253760
11013,4253759
11014,4253758
11015,4253757
11016,4253756
11017,4253755
11018,4253754
11019,4253753
11020,4253752
11021,4253751
11022,4253750
11023,4253749
11024,4253748
11025,4253747
11026,4253746
11027,4253745
11028,4253744
11029,4253743
11030,4253742
11031,4253741
11032,4253740
11033,4253739
11034,4253738
11035,4253737
11036,4253736
11037,4253735
11038,4253734
11039,4253733
11040,4253732
11041,4253731
11042,4253730
11043,4253729
11044,4253728
11045,4253727
11046,4253726
11047,4253725
11048,4253724
11049,4253723
11050,4253722
11051,4253721
11052,4253720
11053,4253719
11054,4253718
11055,4253717
11056,4253716
11057,4253715
11058,4253714
11059,4253713
11060,4253712
11061,4253711
11062,4253710
11063,4253709
11064,4253708
11065,4253707
11066,4253706
11067,4253705
11068,4253704
11069,4253703
11070,4253702
11071,4253701
11072,4253700
11073,4253699
11074,4253698
11075,4253697
11076,4253696
11077,4253695
11078,4253694
11079,4253693
11080,4253692
11081,4253691
11082,4253690
11083,4253689
11084,4253688
11085,4253687
11086,4253686
11087,4253685
11088,4253683
11089,4253682
11090,4253681
11091,4253680
11092,4253679
11093,4253678
11094,4253677
11095,4253676
11096,4253675
11097,4253674
11098,4253673
11099,4253672
11100,4253671
11101,4253670
11102,4253668
11103,4253667
11104,4253666
11105,4253665
11106,4253664
11107,4253663
11108,4253662
11109,4253661
11110,4253660
11111,4253659
11112,4253658
11113,4253657
11114,4253656
11115,4253655
11116,4253654
11117,4253653
11118,4253652
11119,4253651
11120,4253650
11121,4253649
11122,4253648
11123,4253647
11124,4253646
11125,4253645
11126,4253644
11127,4253643
11128,4253642
11129,4253641
11130,4253640
11131,4253639
11132,4253638
11133,4253637
11134,4253636
11135,4253635
11136,4253634
11137,4253633
11138,4253632
11139,4253631
11140,4253630
11141,4253629
11142,4253628
11143,4253627
11144,4253626
11145,4253625
11146,4253624
11147,4253623
11148,4253622
11149,4253621
11150,4253620
11151,4253619
11152,4253618
11153,4253617
11154,4253616
11155,4253615
11156,4253614
11157,4253613
11158,4253612
11159,4253611
11160,4253610
11161,4253609
11162,4253608
11163,4253607
11164,4253606
11165,4253605
11166,4253604
11167,4253603
11168,4253601
11169,4253600
11170,4253599
11171,4253598
11172,4253597
11173,4253596
11174,4253595
11175,4253594
11176,4253593
11177,4253592
11178,4253591
11179,4253590
11180,4253589
11181,4253588
11182,4253587
11183,4253586
11184,4253585
11185,4253584
11186,4253583
11187,4253582
11188,4253581
11189,4253580
11190,4253579
11191,4253578
11192,4253577
11193,4253576
11194,4253575
11195,4253574
11196,4253573
11197,4253572
11198,4253571
11199,4253570
11200,4253569
11201,4253568
11202,4253567
11203,4253566
11204,4253565
11205,4253564
11206,4253563
11207,4253562
11208,4253561
11209,4253560
11210,4253559
11211,4253558
11212,4253557
11213,4253556
11214,4253555
11215,4253554
11216,4253553
11217,4253552
11218,4253551
11219,4253550
11220,4253549
11221,4253548
11222,4253547
11223,4253545
11224,4253544
11225,4253543
11226,4253542
11227,4253541
11228,4253539
11229,4253538
11230,4253537
11231,4253536
11232,4253535
11233,4253532
11234,4253531
11235,4253530
11236,4253529
11237,4253528
11238,4253527
11239,4253526
11240,4253525
11241,4253524
11242,4253523
11243,4253522
11244,4253521
11245,4253520
11246,4253519
11247,4253518
11248,4253517
11249,4253516
11250,4253515
11251,4253514
11252,4253513
11253,4253512
11254,4253511
11255,4253510
11256,4253509
11257,4253508
11258,4253506
11259,4253505
11260,4253504
11261,4253503
11262,4253502
11263,4253501
11264,4253500
11265,4253499
11266,4253498
11267,4253497
11268,4253496
11269,4253495
11270,4253494
11271,4253493
11272,4253492
11273,4253491
11274,4253490
11275,4253489
11276,4253488
11277,4253487
11278,4253486
11279,4253485
11280,4253484
11281,4253483
11282,4253482
11283,4253481
11284,4253480
11285,4253479
11286,4253478
11287,4253477
11288,4253476
11289,4253475
11290,4253474
11291,4253473
11292,4253471
11293,4253470
11294,4253469
11295,4253468
11296,4253467
11297,4253466
11298,4253465
11299,4253464
11300,4253463
11301,4253462
11302,4253461
11303,4253460
11304,4253459
11305,4253458
11306,4253457
11307,4253456
11308,4253455
11309,4253454
11310,4253453
11311,4253452
11312,4253451
11313,4253450
11314,4253449
11315,4253448
11316,4253447
11317,4253446
11318,4253445
11319,4253444
11320,4253443
11321,4253441
11322,4253440
11323,4253439
11324,4253438
11325,4253437
11326,4253436
11327,4253435
11328,4253434
11329,4253433
11330,4253432
11331,4253431
11332,4253430
11333,4253429
11334,4253428
11335,4253427
11336,4253426
11337,4253425
11338,4253424
11339,4253423
11340,4253422
11341,4253421
11342,4253420
11343,4253419
11344,4253418
11345,4253417
11346,4253416
11347,4253415
11348,4253414
11349,4253413
11350,4253412
11351,4253411
11352,4253410
11353,4253409
11354,4253408
11355,4253407
11356,4253406
11357,4253405
11358,4253404
11359,4253403
11360,4253402
11361,4253401
11362,4253400
11363,4253399
11364,4253398
11365,4253397
11366,4253396
11367,4253395
11368,4253394
11369,4253392
11370,4253391
11371,4253390
11372,4253389
11373,4253388
11374,4253387
11375,4253386
11376,4253385
11377,4253384
11378,4253383
11379,4253382
11380,4253381
11381,4253380
11382,4253379
11383,4253378
11384,4253377
11385,4253376
11386,4253375
11387,4253374
11388,4253373
11389,4253372
11390,4253371
11391,4253370
11392,4253369
11393,4253368
11394,4253367
11395,4253366
11396,4253365
11397,4253364
11398,4253363
11399,4253362
11400,4253361
11401,4253360
11402,4253359
11403,4253358
11404,4253357
11405,4253356
11406,4253355
11407,4253354
11408,4253353
11409,4253352
11410,4253351
11411,4253350
11412,4253349
11413,4253348
11414,4253347
11415,4253346
11416,4253345
11417,4253344
11418,4253343
11419,4253341
11420,4253340
11421,4253339
11422,4253338
11423,4253337
11424,4253336
11425,4253335
11426,4253334
11427,4253333
11428,4253332
11429,4253331
11430,4253330
11431,4253329
11432,4253328
11433,4253327
11434,4253326
11435,4253325
11436,4253324
11437,4253323
11438,4253322
11439,4253321
11440,4253320
11441,4253319
11442,4253318
11443,4253317
11444,4253316
11445,4253315
11446,4253314
11447,4253313
11448,4253312
11449,4253311
11450,4253310
11451,4253309
11452,4253308
11453,4253307
11454,4253306
11455,4253305
11456,4253304
11457,4253303
11458,4253302
11459,4253301
11460,4253300
11461,4253299
11462,4253298
11463,4253297
11464,4253296
11465,4253295
11466,4253294
11467,4253293
11468,4253292
11469,4253291
11470,4253290
11471,4253289
11472,4253288
11473,4253287
11474,4253286
11475,4253285
11476,4253284
11477,4253283
11478,4253282
11479,4253281
11480,4253279
11481,4253278
11482,4253277
11483,4253276
11484,4253275
11485,4253274
11486,4253273
11487,4253272
11488,4253271
11489,4253270
11490,4253269
11491,4253268
11492,4253267
11493,4253266
11494,4253265
11495,4253263
11496,4253262
11497,4253260
11498,4253259
11499,4253258
11500,4253257
11501,4253256
11502,4253255
11503,4253254
11504,4253253
11505,4253252
11506,4253251
11507,4253250
11508,4253249
11509,4253247
11510,4253246
11511,4253245
11512,4253244
11513,4253243
11514,4253242
11515,4253241
11516,4253240
11517,4253239
11518,4253238
11519,4253237
11520,4253236
11521,4253235
11522,4253234
11523,4253233
11524,4253232
11525,4253231
11526,4253230
11527,4253229
11528,4253228
11529,4253227
11530,4253226
11531,4253225
11532,4253224
11533,4253223
11534,4253222
11535,4253221
11536,4253220
11537,4253219
11538,4253218
11539,4253217
11540,4253216
11541,4253215
11542,4253214
11543,4253213
11544,4253212
11545,4253211
11546,4253210
11547,4253208
11548,4253207
11549,4253206
11550,4253205
11551,4253204
11552,4253203
11553,4253202
11554,4253201
11555,4253200
11556,4253199
11557,4253198
11558,4253197
11559,4253196
11560,4253195
11561,4253194
11562,4253193
11563,4253192
11564,4253191
11565,4253190
11566,4253189
11567,4253188
11568,4253187
11569,4253186
11570,4253185
11571,4253184
11572,4253183
11573,4253182
11574,4253181
11575,4253180
11576,4253179
11577,4253178
11578,4253177
11579,4253176
11580,4253175
11581,4253174
11582,4253173
11583,4253172
11584,4253171
11585,4253170
11586,4253169
11587,4253168
11588,4253167
11589,4253166
11590,4253165
11591,4253164
11592,4253163
11593,4253162
11594,4253161
11595,4253160
11596,4253159
11597,4253158
11598,4253157
11599,4253156
11600,4253155
11601,4253154
11602,4253153
11603,4253152
11604,4253151
11605,4253150
11606,4253149
11607,4253148
11608,4253147
11609,4253146
11610,4253145
11611,4253144
11612,4253143
11613,4253142
11614,4253141
11615,4253140
11616,4253139
11617,4253138
11618,4253137
11619,4253136
11620,4253135
11621,4253134
11622,4253133
11623,4253132
11624,4253131
11625,4253130
11626,4253129
11627,4253128
11628,4253127
11629,4253125
11630,4253124
11631,4253123
11632,4253122
11633,4253121
11634,4253120
11635,4253119
11636,4253118
11637,4253117
11638,4253116
11639,4253115
11640,4253114
11641,4253113
11642,4253112
11643,4253111
11644,4253110
11645,4253109
11646,4253108
11647,4253107
11648,4253105
11649,4253104
11650,4253103
11651,4253102
11652,4253101
11653,4253100
11654,4253099
11655,4253098
11656,4253097
11657,4253096
11658,4253095
11659,4253094
11660,4253093
11661,4253092
11662,4253091
11663,4253090
11664,4253089
11665,4253088
11666,4253087
11667,4253086
11668,4253085
11669,4253084
11670,4253083
11671,4253082
11672,4253081
11673,4253080
11674,4253079
11675,4253078
11676,4253077
11677,4253076
11678,4253075
11679,4253074
11680,4253073
11681,4253072
11682,4253071
11683,4253070
11684,4253069
11685,4253068
11686,4253067
11687,4253066
11688,4253065
11689,4253064
11690,4253063
11691,4253062
11692,4253061
11693,4253060
11694,4253059
11695,4253058
11696,4253057
11697,4253056
11698,4253055
11699,4253054
11700,4253053
11701,4253052
11702,4253051
11703,4253050
11704,4253049
11705,4253048
11706,4253046
11707,4253045
11708,4253044
11709,4253043
11710,4253042
11711,4253041
11712,4253040
11713,4253039
11714,4253038
11715,4253037
11716,4253036
11717,4253035
11718,4253034
11719,4253033
11720,4253032
11721,4253031
11722,4253030
11723,4253029
11724,4253028
11725,4253027
11726,4253026
11727,4253025
11728,4253024
11729,4253023
11730,4253022
11731,4253021
11732,4253020
11733,4253019
11734,4253018
11735,4253017
11736,4253016
11737,4253015
11738,4253014
11739,4253013
11740,4253012
11741,4253011
11742,4253010
11743,4253009
11744,4253008
11745,4253007
11746,4253006
11747,4253005
11748,4253004
11749,4253002
11750,4253001
11751,4253000
11752,4252999
11753,4252998
11754,4252997
11755,4252995
11756,4252994
11757,4252993
11758,4252992
11759,4252991
11760,4252990
11761,4252989
11762,4252988
11763,4252987
11764,4252986
11765,4252985
11766,4252984
11767,4252983
11768,4252982
11769,4252981
11770,4252980
11771,4252979
11772,4252978
11773,4252977
11774,4252976
11775,4252975
11776,4252974
11777,4252973
11778,4252972
11779,4252971
11780,4252970
11781,4252969
11782,4252968
11783,4252967
11784,4252966
11785,4252965
11786,4252964
11787,4252963
11788,4252962
11789,4252961
11790,4252960
11791,4252959
11792,4252958
11793,4252957
11794,4252956
11795,4252955
11796,4252954
11797,4252953
11798,4252952
11799,4252951
11800,4252950
11801,4252949
11802,4252948
11803,4252947
11804,4252946
11805,4252945
11806,4252944
11807,4252943
11808,4252942
11809,4252941
11810,4252940
11811,4252939
11812,4252938
11813,4252937
11814,4252936
11815,4252935
11816,4252934
11817,4252933
11818,4252932
11819,4252931
11820,4252930
11821,4252929
11822,4252927
11823,4252926
11824,4252925
11825,4252924
11826,4252923
11827,4252922
11828,4252921
11829,4252920
11830,4252919
11831,4252918
11832,4252917
11833,4252916
11834,4252915
11835,4252914
11836,4252913
11837,4252912
11838,4252911
11839,4252910
11840,4252909
11841,4252908
11842,4252907
11843,4252906
11844,4252905
11845,4252904
11846,4252903
11847,4252902
11848,4252901
11849,4252900
11850,4252899
11851,4252898
11852,4252897
11853,4252896
11854,4252895
11855,4252894
11856,4252893
11857,4252892
11858,4252891
11859,4252890
11860,4252889
11861,4252888
11862,4252887
11863,4252886
11864,4252885
11865,4252884
11866,4252883
11867,4252882
11868,4252881
11869,4252880
11870,4252879
11871,4252878
11872,4252877
11873,4252876
11874,4252875
11875,4252874
11876,4252873
11877,4252872
11878,4252871
11879,4252870
11880,4252869
11881,4252868
11882,4252867
11883,4252866
11884,4252865
11885,4252864
11886,4252863
11887,4252862
11888,4252861
11889,4252860
11890,4252859
11891,4252858
11892,4252857
11893,4252856
11894,4252855
11895,4252854
11896,4252853
11897,4252852
11898,4252851
11899,4252850
11900,4252849
11901,4252848
11902,4252847
11903,4252845
11904,4252844
11905,4252843
11906,4252842
11907,4252841
11908,4252840
11909,4252839
11910,4252838
11911,4252837
11912,4252836
11913,4252835
11914,4252834
11915,4252833
11916,4252832
11917,4252831
11918,4252830
11919,4252829
11920,4252828
11921,4252827
11922,4252826
11923,4252825
11924,4252824
11925,4252823
11926,4252822
11927,4252821
11928,4252820
11929,4252819
11930,4252818
11931,4252817
11932,4252816
11933,4252815
11934,4252813
11935,4252811
11936,4252810
11937,4252809
11938,4252808
11939,4252807
11940,4252806
11941,4252805
11942,4252804
11943,4252803
11944,4252802
11945,4252801
11946,4252800
11947,4252799
11948,4252798
11949,4252797
11950,4252796
11951,4252795
11952,4252794
11953,4252793
11954,4252792
11955,4252791
11956,4252790
11957,4252789
11958,4252788
11959,4252787
11960,4252786
11961,4252785
11962,4252784
11963,4252783
11964,4252782
11965,4252781
11966,4252780
11967,4252779
11968,4252778
11969,4252777
11970,4252776
11971,4252775
11972,4252774
11973,4252773
11974,4252772
11975,4252771
11976,4252770
11977,4252769
11978,4252768
11979,4252767
11980,4252766
11981,4252765
11982,4252764
11983,4252763
11984,4252762
11985,4252761
11986,4252760
11987,4252759
11988,4252758
11989,4252757
11990,4252756
11991,4252755
11992,4252754
11993,4252753
11994,4252752
11995,4252751
11996,4252750
11997,4252749
11998,4252748
11999,4252747
12000,4252746
12001,4252745
12002,4252744
12003,4252743
12004,4252742
12005,4252741
12006,4252740
12007,4252739
12008,4252738
12009,4252737
12010,4252735
12011,4252733
12012,4252732
12013,4252731
12014,4252730
12015,4252729
12016,4252728
12017,4252727
12018,4252726
12019,4252725
12020,4252724
12021,4252723
12022,4252722
12023,4252721
12024,4252720
12025,4252719
12026,4252718
12027,4252717
12028,4252716
12029,4252715
12030,4252714
12031,4252713
12032,4252712
12033,4252711
12034,4252710
12035,4252709
12036,4252708
12037,4252707
12038,4252706
12039,4252705
12040,4252703
12041,4252702
12042,4252701
12043,4252700
12044,4252699
12045,4252698
12046,4252697
12047,4252696
12048,4252695
12049,4252694
12050,4252693
12051,4252692
12052,4252691
12053,4252690
12054,4252689
12055,4252688
12056,4252687
12057,4252686
12058,4252685
12059,4252684
12060,4252683
12061,4252682
12062,4252681
12063,4252680
12064,4252679
12065,4252678
12066,4252677
12067,4252676
12068,4252675
12069,4252674
12070,4252671
12071,4252670
12072,4252669
12073,4252668
12074,4252667
12075,4252666
12076,4252665
12077,4252664
12078,4252663
12079,4252662
12080,4252661
12081,4252660
12082,4252659
12083,4252658
12084,4252657
12085,4252656
12086,4252655
12087,4252654
12088,4252653
12089,4252652
12090,4252651
12091,4252650
12092,4252649
12093,4252648
12094,4252646
12095,4252645
12096,4252644
12097,4252643
12098,4252642
12099,4252641
12100,4252640
12101,4252639
12102,4252638
12103,4252637
12104,4252636
12105,4252635
12106,4252634
12107,4252633
12108,4252632
12109,4252631
12110,4252630
12111,4252629
12112,4252628
12113,4252627
12114,4252626
12115,4252625
12116,4252624
12117,4252623
12118,4252622
12119,4252621
12120,4252620
12121,4252619
12122,4252618
12123,4252617
12124,4252616
12125,4252615
12126,4252614
12127,4252613
12128,4252612
12129,4252611
12130,4252610
12131,4252609
12132,4252608
12133,4252607
12134,4252606
12135,4252605
12136,4252604
12137,4252603
12138,4252602
12139,4252601
12140,4252600
12141,4252599
12142,4252598
12143,4252597
12144,4252596
12145,4252595
12146,4252594
12147,4252593
12148,4252592
12149,4252591
12150,4252590
12151,4252589
12152,4252588
12153,4252587
12154,4252586
12155,4252585
12156,4252584
12157,4252583
12158,4252582
12159,4252581
12160,4252580
12161,4252579
12162,4252578
12163,4252577
12164,4252576
12165,4252575
12166,4252574
12167,4252573
12168,4252572
12169,4252571
12170,4252570
12171,4252569
12172,4252568
12173,4252566
12174,4252565
12175,4252564
12176,4252563
12177,4252562
12178,4252561
12179,4252560
12180,4252559
12181,4252558
12182,4252556
12183,4252555
12184,4252554
12185,4252553
12186,4252552
12187,4252551
12188,4252550
12189,4252549
12190,4252548
12191,4252547
12192,4252546
12193,4252545
12194,4252544
12195,4252543
12196,4252542
12197,4252541
12198,4252540
12199,4252539
12200,4252538
12201,4252537
12202,4252536
12203,4252535
12204,4252534
12205,4252533
12206,4252532
12207,4252531
12208,4252530
12209,4252529
12210,4252528
12211,4252527
12212,4252526
12213,4252525
12214,4252524
12215,4252523
12216,4252522
12217,4252521
12218,4252520
12219,4252519
12220,4252518
12221,4252517
12222,4252516
12223,4252515
12224,4252514
12225,4252513
12226,4252512
12227,4252511
12228,4252510
12229,4252509
12230,4252508
12231,4252507
12232,4252506
12233,4252505
12234,4252504
12235,4252503
12236,4252502
12237,4252501
12238,4252500
12239,4252499
12240,4252497
12241,4252496
12242,4252495
12243,4252494
12244,4252493
12245,4252492
12246,4252491
12247,4252489
12248,4252488
12249,4252487
12250,4252486
12251,4252485
12252,4252484
12253,4252483
12254,4252481
12255,4252480
12256,4252479
12257,4252478
12258,4252477
12259,4252476
12260,4252475
12261,4252474
12262,4252473
12263,4252472
12264,4252471
12265,4252470
12266,4252469
12267,4252468
12268,4252467
12269,4252466
12270,4252465
12271,4252464
12272,4252463
12273,4252462
12274,4252461
12275,4252460
12276,4252459
12277,4252458
12278,4252457
12279,4252456
12280,4252455
12281,4252454
12282,4252453
12283,4252452
12284,4252451
12285,4252450
12286,4252449
12287,4252448
12288,4252447
12289,4252446
12290,4252440
12291,4252438
12292,4252435
12293,4252415
12294,4252407
12295,4252405
12296,4252393
12297,4252387
12298,4252386
12299,4252365
12300,4252359
12301,4252353
12302,4252349
12303,4252326
12304,4252324
12305,4252312
12306,4252298
12307,4252292
12308,4252282
12309,4252268
12310,4252265
12311,4252256
12312,4252239
12313,4252229
12314,4252216
12315,4252203
12316,4252197
12317,4252189
12318,4252181
12319,4252157
12320,4252155
12321,4252153
12322,4252151
12323,4252146
12324,4252130
12325,4252120
12326,4252115
12327,4252114
12328,4252110
12329,4252092
12330,4252083
12331,4252075
12332,4252068
12333,4252063
12334,4252061
12335,4252051
12336,4252050
12337,4252017
12338,4252013
12339,4252002
12340,4251992
12341,4251986
12342,4251983
12343,4251970
12344,4251968
12345,4251954
12346,4251953
12347,4251949
12348,4251946
12349,4251945
12350,4251917
12351,4251910
12352,4251905
12353,4251903
12354,4251901
12355,4251896
12356,4251889
12357,4251870
12358,4251869
12359,4251860
12360,4251856
12361,4251855
12362,4251848
12363,4251837
12364,4251833
12365,4251829
12366,4251826
12367,4251814
12368,4251804
12369,4251787
12370,4251786
12371,4251781
12372,4251767
12373,4251755
12374,4251736
12375,4251735
12376,4251714
12377,4251706
12378,4251704
12379,4251703
12380,4251689
12381,4251688
12382,4251678
12383,4251668
12384,4251662
12385,4251657
12386,4251655
12387,4251628
12388,4251627
12389,4251621
12390,4251587
12391,4251528
12392,4251514
12393,4251506
12394,4251500
12395,4251498
12396,4251475
12397,4251471
12398,4251463
12399,4251450
12400,4251448
12401,4251441
12402,4251435
12403,4251431
12404,4251422
12405,4251421
12406,4251394
12407,4251385
12408,4251375
12409,4251354
12410,4251352
12411,4251344
12412,4251336
12413,4251314
12414,4251289
12415,4251285
12416,4251282
12417,4251279
12418,4251248
12419,4251232
12420,4251231
12421,4251217
12422,4251197
12423,4251191
12424,4251188
12425,4251186
12426,4251174
12427,4251152
12428,4251141
12429,4251139
12430,4251136
12431,4251126
12432,4251114
12433,4251111
12434,4251098
12435,4251097
12436,4251095
12437,4251093
12438,4251084
12439,4251069
12440,4251055
12441,4251046
12442,4251041
12443,4251040
12444,4251033
12445,4251030
12446,4251016
12447,4251014
12448,4250983
12449,4250980
12450,4250957
12451,4250955
12452,4250954
12453,4250937
12454,4250935
12455,4250919
12456,4250910
12457,4250901
12458,4250895
12459,4250894
12460,4250890
12461,4250885
12462,4250868
12463,4250858
12464,4250855
12465,4250845
12466,4250823
12467,4250821
12468,4250804
12469,4250775
12470,4250736
12471,4250722
12472,4250708
12473,4250705
12474,4250700
12475,4250696
12476,4250693
12477,4250683
12478,4250676
12479,4250672
12480,4250669
12481,4250667
12482,4250655
12483,4250651
12484,4250647
12485,4250644
12486,4250639
12487,4250629
12488,4250618
12489,4250601
12490,4250573
12491,4250566
12492,4250553
12493,4250552
12494,4250544
12495,4250519
12496,4250513
12497,4250510
12498,4250505
12499,4250500
12500,4250497
12501,4250496
12502,4250490
12503,4250482
12504,4250479
12505,4250472
12506,4250462
12507,4250448
12508,4250432
12509,4250426
12510,4250410
12511,4250409
12512,4250394
12513,4250391
12514,4250361
12515,4250357
12516,4250355
12517,4250343
12518,4250342
12519,4250334
12520,4250321
12521,4250320
12522,4250318
12523,4250317
12524,4250303
12525,4250288
12526,4250286
12527,4250284
12528,4250270
12529,4250269
12530,4250268
12531,4250267
12532,4250265
12533,4250258
12534,4250251
12535,4250245
12536,4250228
12537,4250224
12538,4250221
12539,4250207
12540,4250199
12541,4250195
12542,4250184
12543,4250180
12544,4250170
12545,4250158
12546,4250132
12547,4250129
12548,4250124
12549,4250123
12550,4250106
12551,4250103
12552,4250102
12553,4250101
12554,4250100
12555,4250088
12556,4250079
12557,4250068
12558,4250052
12559,4250051
12560,4250038
12561,4250032
12562,4250031
12563,4250026
12564,4250008
12565,4250002
12566,4250001
12567,4249996
12568,4249983
12569,4249976
12570,4249967
12571,4249966
12572,4249963
12573,4249942
12574,4249918
12575,4249916
12576,4249912
12577,4249892
12578,4249874
12579,4249865
12580,4249856
12581,4249854
12582,4249831
12583,4249823
12584,4249821
12585,4249803
12586,4249800
12587,4249773
12588,4249770
12589,4249762
12590,4249752
12591,4249742
12592,4249740
12593,4249732
12594,4249722
12595,4249721
12596,4249708
12597,4249697
12598,4249690
12599,4249683
12600,4249678
12601,4249667
12602,4249666
12603,4249657
12604,4249640
12605,4249617
12606,4249606
12607,4249597
12608,4249592
12609,4249581
12610,4249574
12611,4249573
12612,4249569
12613,4249564
12614,4249561
12615,4249559
12616,4249554
12617,4249546
12618,4249537
12619,4249519
12620,4249509
12621,4249498
12622,4249489
12623,4249488
12624,4249486
12625,4249484
12626,4249479
12627,4249477
12628,4249467
12629,4249458
12630,4249453
12631,4249447
12632,4249445
12633,4249444
12634,4249432
12635,4249415
12636,4249413
12637,4249400
12638,4249371
12639,4249370
12640,4249360
12641,4249354
12642,4249350
12643,4249341
12644,4249336
12645,4249316
12646,4249311
12647,4249273
12648,4249269
12649,4249268
12650,4249263
12651,4249246
12652,4249242
12653,4249240
12654,4249235
12655,4249227
12656,4249223
12657,4249222
12658,4249197
12659,4249194
12660,4249185
12661,4249175
12662,4249174
12663,4249173
12664,4249169
12665,4249168
12666,4249138
12667,4249136
12668,4249134
12669,4249123
12670,4249121
12671,4249118
12672,4249107
12673,4249088
12674,4249082
12675,4249081
12676,4249080
12677,4249079
12678,4249054
12679,4249041
12680,4249038
12681,4249017
12682,4249014
12683,4249008
12684,4249007
12685,4248990
12686,4248987
12687,4248986
12688,4248984
12689,4248974
12690,4248969
12691,4248956
12692,4248948
12693,4248944
12694,4248935
12695,4248923
12696,4248909
12697,4248895
12698,4248885
12699,4248861
12700,4248854
12701,4248828
12702,4248825
12703,4248824
12704,4248818
12705,4248812
12706,4248772
12707,4248768
12708,4248764
12709,4248757
12710,4248756
12711,4248751
12712,4248748
12713,4248739
12714,4248738
12715,4248733
12716,4248728
12717,4248727
12718,4248726
12719,4248720
12720,4248715
12721,4248703
12722,4248700
12723,4248694
12724,4248690
12725,4248664
12726,4248663
12727,4248661
12728,4248659
12729,4248658
12730,4248656
12731,4248655
12732,4248653
12733,4248636
12734,4248621
12735,4248612
12736,4248610
12737,4248584
12738,4248579
12739,4248573
12740,4248565
12741,4248559
12742,4248555
12743,4248553
12744,4248549
12745,4248530
12746,4248487
12747,4248473
12748,4248463
12749,4248461
12750,4248450
12751,4248431
12752,4248428
12753,4248426
12754,4248419
12755,4248417
12756,4248413
12757,4248398
12758,4248397
12759,4248391
12760,4248385
12761,4248354
12762,4248345
12763,4248341
12764,4248335
12765,4248333
12766,4248329
12767,4248323
12768,4248316
12769,4248305
12770,4248304
12771,4248302
12772,4248297
12773,4248295
12774,4248294
12775,4248285
12776,4248277
12777,4248275
12778,4248274
12779,4248260
12780,4248255
12781,4248247
12782,4248214
12783,4248196
12784,4248195
12785,4248194
12786,4248188
12787,4248185
12788,4248182
12789,4248167
12790,4248161
12791,4248144
12792,4248128
12793,4248127
12794,4248095
12795,4248087
12796,4248064
12797,4248063
12798,4248061
12799,4248035
12800,4248033
12801,4248024
12802,4247991
12803,4247960
12804,4247959
12805,4247934
12806,4247932
12807,4247911
12808,4247905
12809,4247877
12810,4247875
12811,4247859
12812,4247856
12813,4247854
12814,4247852
12815,4247846
12816,4247838
12817,4247790
12818,4247785
12819,4247768
12820,4247742
12821,4247711
12822,4247708
12823,4247705
12824,4247698
12825,4247689
12826,4247677
12827,4247669
12828,4247646
12829,4247644
12830,4247641
12831,4247638
12832,4247636
12833,4247631
12834,4247629
12835,4247608
12836,4247580
12837,4247577
12838,4247574
12839,4247570
12840,4247569
12841,4247564
12842,4247554
12843,4247546
12844,4247536
12845,4247533
12846,4247527
12847,4247524
12848,4247519
12849,4247517
12850,4247514
12851,4247510
12852,4247506
12853,4247502
12854,4247501
12855,4247480
12856,4247474
12857,4247469
12858,4247459
12859,4247458
12860,4247453
12861,4247451
12862,4247438
12863,4247435
12864,4247434
12865,4247422
12866,4247416
12867,4247409
12868,4247401
12869,4247364
12870,4247361
12871,4247349
12872,4247338
12873,4247334
12874,4247320
12875,4247316
12876,4247305
12877,4247299
12878,4247296
12879,4247276
12880,4247275
12881,4247268
12882,4247264
12883,4247262
12884,4247261
12885,4247250
12886,4247249
12887,4247246
12888,4247237
12889,4247230
12890,4247219
12891,4247208
12892,4247169
12893,4247167
12894,4247163
12895,4247136
12896,4247125
12897,4247110
12898,4247103
12899,4247099
12900,4247044
12901,4247040
12902,4247030
12903,4247014
12904,4246998
12905,4246994
12906,4246970
12907,4246968
12908,4246962
12909,4246957
12910,4246954
12911,4246945
12912,4246919
12913,4246905
12914,4246897
12915,4246892
12916,4246889
12917,4246887
12918,4246879
12919,4246855
12920,4246850
12921,4246838
12922,4246836
12923,4246835
12924,4246827
12925,4246821
12926,4246819
12927,4246816
12928,4246791
12929,4246787
12930,4246782
12931,4246775
12932,4246771
12933,4246755
12934,4246742
12935,4246741
12936,4246731
12937,4246722
12938,4246720
12939,4246711
12940,4246709
12941,4246708
12942,4246688
12943,4246686
12944,4246683
12945,4246678
12946,4246674
12947,4246673
12948,4246671
12949,4246659
12950,4246640
12951,4246639
12952,4246626
12953,4246613
12954,4246598
12955,4246597
12956,4246588
12957,4246582
12958,4246573
12959,4246524
12960,4246522
12961,4246510
12962,4246506
12963,4246504
12964,4246498
12965,4246497
12966,4246493
12967,4246477
12968,4246476
12969,4246472
12970,4246471
12971,4246460
12972,4246453
12973,4246451
12974,4246446
12975,4246428
12976,4246423
12977,4246421
12978,4246418
12979,4246417
12980,4246413
12981,4246403
12982,4246398
12983,4246388
12984,4246367
12985,4246365
12986,4246363
12987,4246359
12988,4246352
12989,4246349
12990,4246322
12991,4246321
12992,4246319
12993,4246313
12994,4246300
12995,4246297
12996,4246294
12997,4246292
12998,4246287
12999,4246277
13000,4246249
13001,4246248
13002,4246238
13003,4246222
13004,4246203
13005,4246179
13006,4246167
13007,4246166
13008,4246165
13009,4246162
13010,4246149
13011,4246147
13012,4246142
13013,4246125
13014,4246117
13015,4246116
13016,4246110
13017,4246097
13018,4246096
13019,4246093
13020,4246090
13021,4246078
13022,4246073
13023,4246068
13024,4246050
13025,4246039
13026,4246025
13027,4246015
13028,4246000
13029,4245991
13030,4245981
13031,4245973
13032,4245972
13033,4245941
13034,4245936
13035,4245932
13036,4245930
13037,4245908
13038,4245907
13039,4245906
13040,4245904
13041,4245901
13042,4245898
13043,4245895
13044,4245875
13045,4245852
13046,4245847
13047,4245811
13048,4245805
13049,4245775
13050,4245774
13051,4245771
13052,4245749
13053,4245747
13054,4245737
13055,4245726
13056,4245711
13057,4245701
13058,4245695
13059,4245688
13060,4245676
13061,4245670
13062,4245662
13063,4245658
13064,4245655
13065,4245647
13066,4245646
13067,4245643
13068,4245636
13069,4245632
13070,4245627
13071,4245624
13072,4245612
13073,4245588
13074,4245574
13075,4245568
13076,4245567
13077,4245566
13078,4245549
13079,4245537
13080,4245533
13081,4245524
13082,4245512
13083,4245508
13084,4245504
13085,4245497
13086,4245496
13087,4245487
13088,4245472
13089,4245452
13090,4245444
13091,4245443
13092,4245436
13093,4245428
13094,4245427
13095,4245422
13096,4245417
13097,4245415
13098,4245389
13099,4245364
13100,4245363
13101,4245358
13102,4245342
13103,4245335
13104,4245312
13105,4245308
13106,4245303
13107,4245298
13108,4245293
13109,4245292
13110,4245288
13111,4245287
13112,4245285
13113,4245266
13114,4245261
13115,4245246
13116,4245237
13117,4245234
13118,4245232
13119,4245229
13120,4245214
13121,4245211
13122,4245209
13123,4245204
13124,4245202
13125,4245191
13126,4245173
13127,4245157
13128,4245155
13129,4245151
13130,4245144
13131,4245142
13132,4245140
13133,4245134
13134,4245131
13135,4245130
13136,4245127
13137,4245122
13138,4245119
13139,4245114
13140,4245110
13141,4245105
13142,4245095
13143,4245072
13144,4245065
13145,4245064
13146,4245059
13147,4245056
13148,4245045
13149,4245044
13150,4245028
13151,4245025
13152,4245019
13153,4245001
13154,4244981
13155,4244976
13156,4244971
13157,4244969
13158,4244968
13159,4244965
13160,4244958
13161,4244940
13162,4244903
13163,4244899
13164,4244889
13165,4244887
13166,4244884
13167,4244876
13168,4244870
13169,4244865
13170,4244860
13171,4244824
13172,4244817
13173,4244810
13174,4244802
13175,4244784
13176,4244777
13177,4244770
13178,4244760
13179,4244756
13180,4244754
13181,4244748
13182,4244745
13183,4244738
13184,4244730
13185,4244729
13186,4244721
13187,4244715
13188,4244713
13189,4244708
13190,4244663
13191,4244652
13192,4244649
13193,4244619
13194,4244609
13195,4244606
13196,4244600
13197,4244593
13198,4244578
13199,4244571
13200,4244568
13201,4244564
13202,4244549
13203,4244546
13204,4244545
13205,4244532
13206,4244531
13207,4244528
13208,4244521
13209,4244520
13210,4244502
13211,4244501
13212,4244500
13213,4244493
13214,4244485
13215,4244484
13216,4244479
13217,4244463
13218,4244444
13219,4244436
13220,4244435
13221,4244427
13222,4244422
13223,4244413
13224,4244408
13225,4244400
13226,4244398
13227,4244380
13228,4244377
13229,4244375
13230,4244369
13231,4244360
13232,4244352
13233,4244345
13234,4244342
13235,4244335
13236,4244323
13237,4244314
13238,4244296
13239,4244291
13240,4244283
13241,4244265
13242,4244259
13243,4244248
13244,4244229
13245,4244228
13246,4244219
13247,4244215
13248,4244209
13249,4244205
13250,4244193
13251,4244188
13252,4244184
13253,4244183
13254,4244165
13255,4244157
13256,4244149
13257,4244148
13258,4244144
13259,4244136
13260,4244134
13261,4244122
13262,4244116
13263,4244086
13264,4244080
13265,4244065
13266,4244060
13267,4244058
13268,4244046
13269,4244036
13270,4244016
13271,4244010
13272,4244000
13273,4243993
13274,4243992
13275,4243991
13276,4243975
13277,4243957
13278,4243953
13279,4243947
13280,4243940
13281,4243934
13282,4243922
13283,4243920
13284,4243895
13285,4243842
13286,4243836
13287,4243832
13288,4243819
13289,4243788
13290,4243772
13291,4243770
13292,4243755
13293,4243727
13294,4243723
13295,4243713
13296,4243705
13297,4243699
13298,4243698
13299,4243684
13300,4243679
13301,4243668
13302,4243654
13303,4243649
13304,4243647
13305,4243613
13306,4243600
13307,4243599
13308,4243590
13309,4243588
13310,4243562
13311,4243530
13312,4243524
13313,4243523
13314,4243518
13315,4243517
13316,4243504
13317,4243497
13318,4243489
13319,4243475
13320,4243474
13321,4243445
13322,4243438
13323,4243433
13324,4243422
13325,4243420
13326,4243414
13327,4243412
13328,4243385
13329,4243381
13330,4243380
13331,4243372
13332,4243362
13333,4243356
13334,4243346
13335,4243338
13336,4243337
13337,4243335
13338,4243328
13339,4243316
13340,4243308
13341,4243307
13342,4243302
13343,4243301
13344,4243300
13345,4243298
13346,4243278
13347,4243274
13348,4243252
13349,4243237
13350,4243208
13351,4243198
13352,4243194
13353,4243183
13354,4243182
13355,4243147
13356,4243142
13357,4243109
13358,4243099
13359,4243097
13360,4243093
13361,4243086
13362,4243079
13363,4243060
13364,4243056
13365,4243052
13366,4243034
13367,4243019
13368,4243013
13369,4243003
13370,4243002
13371,4242971
13372,4242964
13373,4242953
13374,4242950
13375,4242948
13376,4242937
13377,4242935
13378,4242934
13379,4242931
13380,4242925
13381,4242919
13382,4242914
13383,4242895
13384,4242891
13385,4242874
13386,4242830
13387,4242829
13388,4242809
13389,4242803
13390,4242796
13391,4242792
13392,4242789
13393,4242778
13394,4242776
13395,4242758
13396,4242750
13397,4242749
13398,4242740
13399,4242733
13400,4242724
13401,4242723
13402,4242719
13403,4242708
13404,4242702
13405,4242675
13406,4242659
13407,4242655
13408,4242652
13409,4242640
13410,4242635
13411,4242623
13412,4242618
13413,4242611
13414,4242608
13415,4242606
13416,4242601
13417,4242585
13418,4242577
13419,4242574
13420,4242570
13421,4242566
13422,4242554
13423,4242551
13424,4242540
13425,4242520
13426,4242516
13427,4242510
13428,4242508
13429,4242507
13430,4242500
13431,4242495
13432,4242466
13433,4242456
13434,4242447
13435,4242442
13436,4242433
13437,4242426
13438,4242418
13439,4242412
13440,4242404
13441,4242394
13442,4242392
13443,4242385
13444,4242355
13445,4242338
13446,4242334
13447,4242326
13448,4242315
13449,4242309
13450,4242308
13451,4242304
13452,4242299
13453,4242297
13454,4242290
13455,4242281
13456,4242276
13457,4242274
13458,4242266
13459,4242258
13460,4242247
13461,4242226
13462,4242225
13463,4242214
13464,4242196
13465,4242183
13466,4242143
13467,4242139
13468,4242129
13469,4242117
13470,4242089
13471,4242086
13472,4242076
13473,4242075
13474,4242070
13475,4242057
13476,4242053
13477,4242051
13478,4242019
13479,4242014
13480,4242011
13481,4241996
13482,4241982
13483,4241954
13484,4241952
13485,4241949
13486,4241927
13487,4241913
13488,4241903
13489,4241900
13490,4241899
13491,4241898
13492,4241892
13493,4241890
13494,4241880
13495,4241870
13496,4241858
13497,4241857
13498,4241854
13499,4241848
13500,4241842
13501,4241835
13502,4241831
13503,4241809
13504,4241802
13505,4241793
13506,4241779
13507,4241772
13508,4241769
13509,4241763
13510,4241754
13511,4241725
13512,4241722
13513,4241718
13514,4241710
13515,4241701
13516,4241700
13517,4241688
13518,4241683
13519,4241678
13520,4241659
13521,4241655
13522,4241640
13523,4241633
13524,4241630
13525,4241593
13526,4241589
13527,4241588
13528,4241574
13529,4241556
13530,4241555
13531,4241545
13532,4241538
13533,4241534
13534,4241531
13535,4241528
13536,4241521
13537,4241519
13538,4241515
13539,4241511
13540,4241509
13541,4241505
13542,4241498
13543,4241472
13544,4241437
13545,4241425
13546,4241423
13547,4241416
13548,4241415
13549,4241412
13550,4241391
13551,4241373
13552,4241371
13553,4241369
13554,4241367
13555,4241366
13556,4241360
13557,4241356
13558,4241351
13559,4241342
13560,4241327
13561,4241324
13562,4241301
13563,4241299
13564,4241286
13565,4241252
13566,4241245
13567,4241218
13568,4241204
13569,4241198
13570,4241185
13571,4241178
13572,4241152
13573,4241150
13574,4241131
13575,4241130
13576,4241126
13577,4241122
13578,4241117
13579,4241113
13580,4241102
13581,4241094
13582,4241092
13583,4241088
13584,4241082
13585,4241079
13586,4241062
13587,4241055
13588,4241037
13589,4241034
13590,4241023
13591,4241007
13592,4240995
13593,4240987
13594,4240980
13595,4240969
13596,4240963
13597,4240953
13598,4240936
13599,4240921
13600,4240911
13601,4240904
13602,4240901
13603,4240892
13604,4240885
13605,4240883
13606,4240881
13607,4240867
13608,4240864
13609,4240857
13610,4240843
13611,4240828
13612,4240815
13613,4240809
13614,4240802
13615,4240800
13616,4240797
13617,4240786
13618,4240779
13619,4240743
13620,4240734
13621,4240712
13622,4240704
13623,4240700
13624,4240694
13625,4240670
13626,4240652
13627,4240639
13628,4240634
13629,4240627
13630,4240609
13631,4240607
13632,4240592
13633,4240589
13634,4240587
13635,4240566
13636,4240561
13637,4240553
13638,4240541
13639,4240540
13640,4240531
13641,4240530
13642,4240527
13643,4240524
13644,4240523
13645,4240508
13646,4240507
13647,4240499
13648,4240492
13649,4240489
13650,4240480
13651,4240478
13652,4240477
13653,4240470
13654,4240469
13655,4240468
13656,4240467
13657,4240466
13658,4240465
13659,4240464
13660,4240463
13661,4240462
13662,4240461
13663,4240460
13664,4240459
13665,4240458
13666,4240457
13667,4240456
13668,4240455
13669,4240454
13670,4240453
13671,4240452
13672,4240451
13673,4240450
13674,4240449
13675,4240448
13676,4240447
13677,4240446
13678,4240445
13679,4240444
13680,4240443
13681,4240442
13682,4240441
13683,4240440
13684,4240439
13685,4240438
13686,4240437
13687,4240436
13688,4240435
13689,4240434
13690,4240433
13691,4240432
13692,4240431
13693,4240430
13694,4240429
13695,4240428
13696,4240427
13697,4240426
13698,4240425
13699,4240424
13700,4240423
13701,4240422
13702,4240421
13703,4240420
13704,4240419
13705,4240418
13706,4240417
13707,4240416
13708,4240415
13709,4240414
13710,4240413
13711,4240412
13712,4240411
13713,4240410
13714,4240409
13715,4240408
13716,4240407
13717,4240406
13718,4240405
13719,4240404
13720,4240403
13721,4240402
13722,4240401
13723,4240400
13724,4240399
13725,4240398
13726,4240397
13727,4240396
13728,4240395
13729,4240394
13730,4240393
13731,4240392
13732,4240391
13733,4240390
13734,4240389
13735,4240388
13736,4240387
13737,4240386
13738,4240385
13739,4240384
13740,4240383
13741,4240382
13742,4240381
13743,4240380
13744,4240379
13745,4240378
13746,4240377
13747,4240376
13748,4240375
13749,4240374
13750,4240373
13751,4240372
13752,4240371
13753,4240370
13754,4240369
13755,4240368
13756,4240367
13757,4240366
13758,4240365
13759,4240364
13760,4240363
13761,4240362
13762,4240361
13763,4240360
13764,4240359
13765,4240358
13766,4240357
13767,4240356
13768,4240355
13769,4240354
13770,4240353
13771,4240352
13772,4240351
13773,4240350
13774,4240349
13775,4240348
13776,4240347
13777,4240346
13778,4240345
13779,4240344
13780,4240343
13781,4240342
13782,4240341
13783,4240340
13784,4240339
13785,4240338
13786,4240337
13787,4240336
13788,4240335
13789,4240334
13790,4240333
13791,4240332
13792,4240331
13793,4240330
13794,4240329
13795,4240328
13796,4240327
13797,4240326
13798,4240325
13799,4240324
13800,4240323
13801,4240322
13802,4240321
13803,4240320
13804,4240319
13805,4240318
13806,4240317
13807,4240315
13808,4240314
13809,4240313
13810,4240312
13811,4240311
13812,4240310
13813,4240309
13814,4240308
13815,4240307
13816,4240306
13817,4240305
13818,4240304
13819,4240303
13820,4240302
13821,4240301
13822,4240300
13823,4240299
13824,4240298
13825,4240297
13826,4240296
13827,4240295
13828,4240294
13829,4240293
13830,4240292
13831,4240291
13832,4240290
13833,4240289
13834,4240288
13835,4240287
13836,4240286
13837,4240285
13838,4240284
13839,4240283
13840,4240282
13841,4240281
13842,4240279
13843,4240278
13844,4240277
13845,4240276
13846,4240275
13847,4240274
13848,4240273
13849,4240272
13850,4240271
13851,4240270
13852,4240269
13853,4240268
13854,4240267
13855,4240266
13856,4240265
13857,4240264
13858,4240263
13859,4240262
13860,4240261
13861,4240260
13862,4240259
13863,4240258
13864,4240257
13865,4240256
13866,4240255
13867,4240254
13868,4240253
13869,4240252
13870,4240251
13871,4240250
13872,4240249
13873,4240248
13874,4240247
13875,4240246
13876,4240245
13877,4240244
13878,4240243
13879,4240242
13880,4240241
13881,4240240
13882,4240239
13883,4240238
13884,4240237
13885,4240236
13886,4240235
13887,4240234
13888,4240233
13889,4240232
13890,4240231
13891,4240230
13892,4240229
13893,4240228
13894,4240227
13895,4240226
13896,4240225
13897,4240224
13898,4240223
13899,4240222
13900,4240221
13901,4240220
13902,4240219
13903,4240218
13904,4240217
13905,4240216
13906,4240215
13907,4240214
13908,4240213
13909,4240212
13910,4240211
13911,4240210
13912,4240209
13913,4240208
13914,4240207
13915,4240206
13916,4240205
13917,4240204
13918,4240203
13919,4240202
13920,4240201
13921,4240200
13922,4240199
13923,4240198
13924,4240197
13925,4240196
13926,4240195
13927,4240194
13928,4240193
13929,4240192
13930,4240191
13931,4240190
13932,4240189
13933,4240188
13934,4240187
13935,4240186
13936,4240185
13937,4240184
13938,4240183
13939,4240182
13940,4240181
13941,4240180
13942,4240179
13943,4240178
13944,4240177
13945,4240176
13946,4240175
13947,4240174
13948,4240173
13949,4240172
13950,4240171
13951,4240170
13952,4240169
13953,4240168
13954,4240167
13955,4240166
13956,4240165
13957,4240164
13958,4240163
13959,4240162
13960,4240161
13961,4240160
13962,4240159
13963,4240158
13964,4240157
13965,4240156
13966,4240155
13967,4240154
13968,4240153
13969,4240152
13970,4240151
13971,4240150
13972,4240149
13973,4240148
13974,4240147
13975,4240146
13976,4240145
13977,4240144
13978,4240143
13979,4240142
13980,4240141
13981,4240140
13982,4240139
13983,4240138
13984,4240137
13985,4240136
13986,4240135
13987,4240134
13988,4240133
13989,4240132
13990,4240131
13991,4240130
13992,4240129
13993,4240128
13994,4240127
13995,4240126
13996,4240125
13997,4240124
13998,4240123
13999,4240122
14000,4240121
14001,4240120
14002,4240119
14003,4240118
14004,4240117
14005,4240116
14006,4240115
14007,4240114
14008,4240113
14009,4240112
14010,4240111
14011,4240110
14012,4240109
14013,4240108
14014,4240107
14015,4240106
14016,4240105
14017,4240104
14018,4240103
14019,4240102
14020,4240101
14021,4240100
14022,4240099
14023,4240098
14024,4240097
14025,4240096
14026,4240095
14027,4240094
14028,4240093
14029,4240092
14030,4240091
14031,4240090
14032,4240089
14033,4240088
14034,4240087
14035,4240086
14036,4240085
14037,4240084
14038,4240083
14039,4240082
14040,4240081
14041,4240080
14042,4240079
14043,4240078
14044,4240077
14045,4240076
14046,4240075
14047,4240074
14048,4240073
14049,4240072
14050,4240071
14051,4240070
14052,4240069
14053,4240068
14054,4240067
14055,4240066
14056,4240065
14057,4240064
14058,4240063
14059,4240062
14060,4240061
14061,4240060
14062,4240059
14063,4240058
14064,4240057
14065,4240056
14066,4240055
14067,4240054
14068,4240053
14069,4240052
14070,4240051
14071,4240050
14072,4240049
14073,4240048
14074,4240047
14075,4240046
14076,4240045
14077,4240044
14078,4240043
14079,4240042
14080,4240041
14081,4240040
14082,4240039
14083,4240038
14084,4240037
14085,4240036
14086,4240035
14087,4240034
14088,4240033
14089,4240032
14090,4240031
14091,4240030
14092,4240029
14093,4240028
14094,4240027
14095,4240026
14096,4240025
14097,4240024
14098,4240023
14099,4240022
14100,4240021
14101,4240020
14102,4240019
14103,4240018
14104,4240017
14105,4240016
14106,4240015
14107,4240014
14108,4240013
14109,4240012
14110,4240011
14111,4240010
14112,4240009
14113,4240008
14114,4240007
14115,4240006
14116,4240005
14117,4240004
14118,4240003
14119,4240002
14120,4240001
14121,4240000
14122,4239999
14123,4239998
14124,4239997
14125,4239996
14126,4239995
14127,4239994
14128,4239993
14129,4239992
14130,4239991
14131,4239990
14132,4239989
14133,4239988
14134,4239987
14135,4239986
14136,4239985
14137,4239984
14138,4239983
14139,4239982
14140,4239981
14141,4239980
14142,4239979
14143,4239978
14144,4239977
14145,4239976
14146,4239975
14147,4239974
14148,4239973
14149,4239972
14150,4239971
14151,4239970
14152,4239969
14153,4239968
14154,4239967
14155,4239966
14156,4239965
14157,4239964
14158,4239963
14159,4239962
14160,4239961
14161,4239960
14162,4239959
14163,4239958
14164,4239957
14165,4239956
14166,4239955
14167,4239954
14168,4239953
14169,4239952
14170,4239951
14171,4239950
14172,4239949
14173,4239948
14174,4239947
14175,4239946
14176,4239945
14177,4239944
14178,4239943
14179,4239942
14180,4239941
14181,4239940
14182,4239939
14183,4239938
14184,4239937
14185,4239936
14186,4239935
14187,4239934
14188,4239933
14189,4239932
14190,4239931
14191,4239930
14192,4239929
14193,4239928
14194,4239927
14195,4239926
14196,4239925
14197,4239924
14198,4239923
14199,4239922
14200,4239921
14201,4239920
14202,4239919
14203,4239918
14204,4239917
14205,4239916
14206,4239915
14207,4239914
14208,4239913
14209,4239912
14210,4239911
14211,4239910
14212,4239909
14213,4239908
14214,4239907
14215,4239906
14216,4239905
14217,4239904
14218,4239903
14219,4239902
14220,4239901
14221,4239900
14222,4239899
14223,4239898
14224,4239897
14225,4239896
14226,4239895
14227,4239894
14228,4239893
14229,4239892
14230,4239891
14231,4239890
14232,4239889
14233,4239888
14234,4239887
14235,4239886
14236,4239885
14237,4239884
14238,4239883
14239,4239882
14240,4239881
14241,4239880
14242,4239878
14243,4239877
14244,4239876
14245,4239875
14246,4239874
14247,4239873
14248,4239872
14249,4239871
14250,4239870
14251,4239869
14252,4239868
14253,4239867
14254,4239866
14255,4239865
14256,4239864
14257,4239863
14258,4239862
14259,4239861
14260,4239860
14261,4239859
14262,4239857
14263,4239856
14264,4239855
14265,4239854
14266,4239853
14267,4239852
14268,4239851
14269,4239850
14270,4239849
14271,4239848
14272,4239847
14273,4239846
14274,4239845
14275,4239844
14276,4239843
14277,4239842
14278,4239841
14279,4239840
14280,4239839
14281,4239838
14282,4239837
14283,4239836
14284,4239835
14285,4239834
14286,4239833
14287,4239832
14288,4239831
14289,4239830
14290,4239829
14291,4239828
14292,4239827
14293,4239826
14294,4239825
14295,4239824
14296,4239823
14297,4239822
14298,4239821
14299,4239820
14300,4239819
14301,4239818
14302,4239817
14303,4239816
14304,4239815
14305,4239814
14306,4239813
14307,4239812
14308,4239811
14309,4239810
14310,4239809
14311,4239808
14312,4239807
14313,4239806
14314,4239805
14315,4239804
14316,4239803
14317,4239802
14318,4239801
14319,4239800
14320,4239799
14321,4239798
14322,4239797
14323,4239796
14324,4239795
14325,4239794
14326,4239793
14327,4239792
14328,4239791
14329,4239790
14330,4239789
14331,4239788
14332,4239787
14333,4239786
14334,4239785
14335,4239784
14336,4239783
14337,4239782
14338,4239781
14339,4239780
14340,4239779
14341,4239778
14342,4239777
14343,4239776
14344,4239775
14345,4239774
14346,4239773
14347,4239772
14348,4239771
14349,4239770
14350,4239769
14351,4239768
14352,4239767
14353,4239766
14354,4239765
14355,4239764
14356,4239763
14357,4239762
14358,4239761
14359,4239760
14360,4239759
14361,4239758
14362,4239757
14363,4239756
14364,4239755
14365,4239754
14366,4239753
14367,4239752
14368,4239751
14369,4239750
14370,4239749
14371,4239748
14372,4239747
14373,4239746
14374,4239745
14375,4239744
14376,4239743
14377,4239742
14378,4239741
14379,4239740
14380,4239739
14381,4239738
14382,4239737
14383,4239736
14384,4239735
14385,4239734
14386,4239733
14387,4239732
14388,4239731
14389,4239730
14390,4239729
14391,4239728
14392,4239727
14393,4239726
14394,4239725
14395,4239724
14396,4239723
14397,4239722
14398,4239721
14399,4239720
14400,4239719
14401,4239718
14402,4239717
14403,4239716
14404,4239715
14405,4239714
14406,4239713
14407,4239712
14408,4239711
14409,4239710
14410,4239709
14411,4239708
14412,4239707
14413,4239706
14414,4239705
14415,4239704
14416,4239703
14417,4239702
14418,4239701
14419,4239700
14420,4239699
14421,4239698
14422,4239697
14423,4239696
14424,4239695
14425,4239694
14426,4239693
14427,4239692
14428,4239691
14429,4239690
14430,4239689
14431,4239688
14432,4239687
14433,4239685
14434,4239684
14435,4239683
14436,4239682
14437,4239681
14438,4239680
14439,4239679
14440,4239678
14441,4239677
14442,4239676
14443,4239675
14444,4239674
14445,4239673
14446,4239672
14447,4239671
14448,4239670
14449,4239669
14450,4239668
14451,4239667
14452,4239666
14453,4239665
14454,4239664
14455,4239663
14456,4239662
14457,4239661
14458,4239660
14459,4239659
14460,4239658
14461,4239657
14462,4239656
14463,4239655
14464,4239654
14465,4239653
14466,4239652
14467,4239651
14468,4239650
14469,4239649
14470,4239648
14471,4239647
14472,4239646
14473,4239645
14474,4239644
14475,4239643
14476,4239642
14477,4239641
14478,4239640
14479,4239639
14480,4239638
14481,4239637
14482,4239636
14483,4239635
14484,4239634
14485,4239633
14486,4239632
14487,4239631
14488,4239630
14489,4239629
14490,4239628
14491,4239627
14492,4239626
14493,4239625
14494,4239624
14495,4239623
14496,4239622
14497,4239621
14498,4239620
14499,4239619
14500,4239618
14501,4239617
14502,4239616
14503,4239615
14504,4239614
14505,4239613
14506,4239612
14507,4239611
14508,4239610
14509,4239609
14510,4239608
14511,4239607
14512,4239606
14513,4239605
14514,4239604
14515,4239603
14516,4239602
14517,4239601
14518,4239600
14519,4239599
14520,4239598
14521,4239597
14522,4239596
14523,4239595
14524,4239594
14525,4239593
14526,4239592
14527,4239591
14528,4239590
14529,4239589
14530,4239588
14531,4239587
14532,4239586
14533,4239585
14534,4239584
14535,4239583
14536,4239582
14537,4239581
14538,4239580
14539,4239579
14540,4239578
14541,4239577
14542,4239576
14543,4239575
14544,4239574
14545,4239573
14546,4239572
14547,4239571
14548,4239570
14549,4239569
14550,4239568
14551,4239567
14552,4239566
14553,4239565
14554,4239564
14555,4239563
14556,4239562
14557,4239561
14558,4239560
14559,4239559
14560,4239558
14561,4239557
14562,4239556
14563,4239555
14564,4239554
14565,4239553
14566,4239552
14567,4239551
14568,4239550
14569,4239549
14570,4239548
14571,4239547
14572,4239546
14573,4239545
14574,4239544
14575,4239543
14576,4239542
14577,4239541
14578,4239540
14579,4239539
14580,4239538
14581,4239537
14582,4239536
14583,4239535
14584,4239534
14585,4239533
14586,4239532
14587,4239531
14588,4239530
14589,4239529
14590,4239528
14591,4239527
14592,4239526
14593,4239525
14594,4239524
14595,4239523
14596,4239522
14597,4239521
14598,4239520
14599,4239519
14600,4239518
14601,4239517
14602,4239516
14603,4239515
14604,4239514
14605,4239513
14606,4239512
14607,4239511
14608,4239510
14609,4239509
14610,4239508
14611,4239507
14612,4239506
14613,4239505
14614,4239504
14615,4239503
14616,4239502
14617,4239501
14618,4239500
14619,4239499
14620,4239498
14621,4239497
14622,4239496
14623,4239495
14624,4239494
14625,4239493
14626,4239492
14627,4239491
14628,4239490
14629,4239489
14630,4239488
14631,4239487
14632,4239486
14633,4239485
14634,4239484
14635,4239483
14636,4239482
14637,4239481
14638,4239480
14639,4239479
14640,4239478
14641,4239477
14642,4239476
14643,4239475
14644,4239474
14645,4239473
14646,4239472
14647,4239471
14648,4239470
14649,4239469
14650,4239468
14651,4239467
14652,4239466
14653,4239465
14654,4239464
14655,4239463
14656,4239462
14657,4239461
14658,4239460
14659,4239459
14660,4239458
14661,4239457
14662,4239456
14663,4239455
14664,4239454
14665,4239453
14666,4239452
14667,4239451
14668,4239450
14669,4239449
14670,4239448
14671,4239447
14672,4239446
14673,4239445
14674,4239444
14675,4239443
14676,4239442
14677,4239441
14678,4239440
14679,4239439
14680,4239438
14681,4239437
14682,4239436
14683,4239435
14684,4239434
14685,4239433
14686,4239432
14687,4239431
14688,4239430
14689,4239429
14690,4239428
14691,4239427
14692,4239426
14693,4239425
14694,4239424
14695,4239423
14696,4239422
14697,4239421
14698,4239419
14699,4239418
14700,4239417
14701,4239416
14702,4239415
14703,4239414
14704,4239413
14705,4239412
14706,4239411
14707,4239409
14708,4239408
14709,4239407
14710,4239406
14711,4239405
14712,4239404
14713,4239403
14714,4239402
14715,4239401
14716,4239400
14717,4239399
14718,4239398
14719,4239397
14720,4239396
14721,4239395
14722,4239394
14723,4239393
14724,4239392
14725,4239391
14726,4239390
14727,4239389
14728,4239388
14729,4239387
14730,4239386
14731,4239385
14732,4239384
14733,4239383
14734,4239382
14735,4239381
14736,4239380
14737,4239379
14738,4239378
14739,4239377
14740,4239376
14741,4239375
14742,4239374
14743,4239373
14744,4239372
14745,4239371
14746,4239370
14747,4239369
14748,4239368
14749,4239367
14750,4239366
14751,4239365
14752,4239364
14753,4239363
14754,4239362
14755,4239361
14756,4239360
14757,4239359
14758,4239358
14759,4239357
14760,4239356
14761,4239355
14762,4239354
14763,4239353
14764,4239352
14765,4239351
14766,4239350
14767,4239349
14768,4239348
14769,4239347
14770,4239346
14771,4239345
14772,4239344
14773,4239343
14774,4239342
14775,4239341
14776,4239340
14777,4239339
14778,4239338
14779,4239337
14780,4239336
14781,4239335
14782,4239334
14783,4239333
14784,4239332
14785,4239330
14786,4239329
14787,4239328
14788,4239327
14789,4239326
14790,4239325
14791,4239324
14792,4239323
14793,4239322
14794,4239321
14795,4239320
14796,4239319
14797,4239318
14798,4239317
14799,4239316
14800,4239315
14801,4239314
14802,4239313
14803,4239312
14804,4239311
14805,4239310
14806,4239309
14807,4239308
14808,4239307
14809,4239306
14810,4239305
14811,4239304
14812,4239303
14813,4239302
14814,4239301
14815,4239300
14816,4239299
14817,4239298
14818,4239297
14819,4239296
14820,4239295
14821,4239294
14822,4239293
14823,4239292
14824,4239291
14825,4239290
14826,4239289
14827,4239288
14828,4239287
14829,4239286
14830,4239285
14831,4239284
14832,4239283
14833,4239282
14834,4239281
14835,4239280
14836,4239279
14837,4239278
14838,4239277
14839,4239276
14840,4239275
14841,4239274
14842,4239273
14843,4239272
14844,4239271
14845,4239270
14846,4239269
14847,4239268
14848,4239267
14849,4239266
14850,4239265
14851,4239264
14852,4239263
14853,4239262
14854,4239261
14855,4239260
14856,4239259
14857,4239258
14858,4239257
14859,4239256
14860,4239255
14861,4239254
14862,4239253
14863,4239252
14864,4239251
14865,4239250
14866,4239249
14867,4239248
14868,4239247
14869,4239246
14870,4239245
14871,4239244
14872,4239243
14873,4239242
14874,4239241
14875,4239240
14876,4239239
14877,4239238
14878,4239237
14879,4239236
14880,4239235
14881,4239234
14882,4239233
14883,4239232
14884,4239231
14885,4239230
14886,4239229
14887,4239228
14888,4239227
14889,4239226
14890,4239225
14891,4239224
14892,4239223
14893,4239222
14894,4239221
14895,4239220
14896,4239219
14897,4239218
14898,4239217
14899,4239216
14900,4239215
14901,4239214
14902,4239213
14903,4239212
14904,4239211
14905,4239210
14906,4239209
14907,4239208
14908,4239207
14909,4239206
14910,4239204
14911,4239203
14912,4239202
14913,4239201
14914,4239200
14915,4239199
14916,4239198
14917,4239197
14918,4239196
14919,4239195
14920,4239194
14921,4239193
14922,4239192
14923,4239191
14924,4239190
14925,4239189
14926,4239188
14927,4239187
14928,4239186
14929,4239185
14930,4239184
14931,4239183
14932,4239182
14933,4239181
14934,4239180
14935,4239179
14936,4239178
14937,4239177
14938,4239176
14939,4239175
14940,4239173
14941,4239172
14942,4239171
14943,4239170
14944,4239169
14945,4239168
14946,4239167
14947,4239166
14948,4239165
14949,4239164
14950,4239163
14951,4239162
14952,4239161
14953,4239160
14954,4239159
14955,4239158
14956,4239157
14957,4239156
14958,4239155
14959,4239154
14960,4239153
14961,4239152
14962,4239151
14963,4239150
14964,4239149
14965,4239148
14966,4239147
14967,4239146
14968,4239145
14969,4239144
14970,4239143
14971,4239142
14972,4239141
14973,4239140
14974,4239139
14975,4239138
14976,4239137
14977,4239136
14978,4239135
14979,4239134
14980,4239133
14981,4239132
14982,4239131
14983,4239130
14984,4239129
14985,4239128
14986,4239127
14987,4239126
14988,4239125
14989,4239124
14990,4239123
14991,4239122
14992,4239121
14993,4239120
14994,4239119
14995,4239118
14996,4239117
14997,4239116
14998,4239115
14999,4239114
15000,4239113
15001,4239112
15002,4239111
15003,4239110
15004,4239109
15005,4239108
15006,4239107
15007,4239106
15008,4239105
15009,4239104
15010,4239103
15011,4239101
15012,4239100
15013,4239099
15014,4239098
15015,4239097
15016,4239096
15017,4239095
15018,4239094
15019,4239093
15020,4239092
15021,4239091
15022,4239090
15023,4239089
15024,4239088
15025,4239087
15026,4239086
15027,4239085
15028,4239084
15029,4239083
15030,4239082
15031,4239081
15032,4239080
15033,4239079
15034,4239078
15035,4239077
15036,4239076
15037,4239075
15038,4239074
15039,4239073
15040,4239072
15041,4239071
15042,4239070
15043,4239069
15044,4239068
15045,4239067
15046,4239066
15047,4239065
15048,4239064
15049,4239063
15050,4239062
15051,4239061
15052,4239060
15053,4239059
15054,4239058
15055,4239057
15056,4239056
15057,4239055
15058,4239054
15059,4239053
15060,4239052
15061,4239051
15062,4239050
15063,4239049
15064,4239048
15065,4239047
15066,4239046
15067,4239045
15068,4239044
15069,4239043
15070,4239042
15071,4239041
15072,4239040
15073,4239039
15074,4239038
15075,4239036
15076,4239035
15077,4239034
15078,4239033
15079,4239032
15080,4239031
15081,4239030
15082,4239029
15083,4239028
15084,4239027
15085,4239026
15086,4239025
15087,4239024
15088,4239023
15089,4239022
15090,4239021
15091,4239020
15092,4239019
15093,4239018
15094,4239017
15095,4239016
15096,4239015
15097,4239014
15098,4239013
15099,4239012
15100,4239011
15101,4239010
15102,4239009
15103,4239008
15104,4239007
15105,4239006
15106,4239005
15107,4239004
15108,4239003
15109,4239002
15110,4239001
15111,4239000
15112,4238999
15113,4238998
15114,4238997
15115,4238996
15116,4238995
15117,4238994
15118,4238993
15119,4238992
15120,4238991
15121,4238990
15122,4238989
15123,4238988
15124,4238987
15125,4238986
15126,4238985
15127,4238984
15128,4238983
15129,4238981
15130,4238980
15131,4238979
15132,4238978
15133,4238977
15134,4238976
15135,4238975
15136,4238974
15137,4238973
15138,4238972
15139,4238971
15140,4238970
15141,4238969
15142,4238968
15143,4238967
15144,4238966
15145,4238965
15146,4238964
15147,4238963
15148,4238962
15149,4238961
15150,4238960
15151,4238959
15152,4238958
15153,4238957
15154,4238956
15155,4238955
15156,4238954
15157,4238953
15158,4238952
15159,4238951
15160,4238950
15161,4238949
15162,4238948
15163,4238947
15164,4238946
15165,4238945
15166,4238944
15167,4238943
15168,4238942
15169,4238941
15170,4238940
15171,4238939
15172,4238938
15173,4238937
15174,4238936
15175,4238935
15176,4238934
15177,4238933
15178,4238932
15179,4238931
15180,4238930
15181,4238929
15182,4238927
15183,4238926
15184,4238925
15185,4238924
15186,4238923
15187,4238922
15188,4238921
15189,4238920
15190,4238919
15191,4238918
15192,4238917
15193,4238916
15194,4238915
15195,4238914
15196,4238913
15197,4238912
15198,4238911
15199,4238910
15200,4238909
15201,4238908
15202,4238907
15203,4238906
15204,4238905
15205,4238904
15206,4238903
15207,4238902
15208,4238901
15209,4238900
15210,4238899
15211,4238898
15212,4238897
15213,4238896
15214,4238895
15215,4238894
15216,4238893
15217,4238892
15218,4238891
15219,4238890
15220,4238889
15221,4238888
15222,4238887
15223,4238886
15224,4238885
15225,4238884
15226,4238883
15227,4238882
15228,4238881
15229,4238880
15230,4238879
15231,4238878
15232,4238877
15233,4238876
15234,4238875
15235,4238874
15236,4238873
15237,4238872
15238,4238871
15239,4238870
15240,4238869
15241,4238868
15242,4238867
15243,4238866
15244,4238865
15245,4238864
15246,4238863
15247,4238862
15248,4238861
15249,4238860
15250,4238859
15251,4238858
15252,4238857
15253,4238856
15254,4238855
15255,4238854
15256,4238853
15257,4238852
15258,4238851
15259,4238850
15260,4238849
15261,4238848
15262,4238847
15263,4238846
15264,4238845
15265,4238844
15266,4238843
15267,4238842
15268,4238841
15269,4238840
15270,4238839
15271,4238838
15272,4238837
15273,4238836
15274,4238835
15275,4238834
15276,4238833
15277,4238832
15278,4238831
15279,4238830
15280,4238829
15281,4238828
15282,4238827
15283,4238826
15284,4238825
15285,4238824
15286,4238823
15287,4238822
15288,4238821
15289,4238820
15290,4238819
15291,4238818
15292,4238817
15293,4238816
15294,4238815
15295,4238814
15296,4238813
15297,4238812
15298,4238811
15299,4238810
15300,4238809
15301,4238808
15302,4238807
15303,4238806
15304,4238805
15305,4238804
15306,4238803
15307,4238802
15308,4238801
15309,4238800
15310,4238799
15311,4238798
15312,4238797
15313,4238796
15314,4238795
15315,4238794
15316,4238793
15317,4238792
15318,4238791
15319,4238790
15320,4238789
15321,4238788
15322,4238787
15323,4238786
15324,4238785
15325,4238784
15326,4238783
15327,4238782
15328,4238781
15329,4238780
15330,4238779
15331,4238778
15332,4238777
15333,4238776
15334,4238775
15335,4238774
15336,4238773
15337,4238772
15338,4238771
15339,4238770
15340,4238769
15341,4238768
15342,4238767
15343,4238766
15344,4238765
15345,4238764
15346,4238763
15347,4238762
15348,4238761
15349,4238760
15350,4238759
15351,4238758
15352,4238757
15353,4238756
15354,4238755
15355,4238754
15356,4238753
15357,4238752
15358,4238751
15359,4238750
15360,4238749
15361,4238748
15362,4238747
15363,4238746
15364,4238745
15365,4238744
15366,4238743
15367,4238742
15368,4238741
15369,4238740
15370,4238739
15371,4238738
15372,4238737
15373,4238736
15374,4238735
15375,4238734
15376,4238733
15377,4238731
15378,4238730
15379,4238729
15380,4238728
15381,4238727
15382,4238726
15383,4238725
15384,4238724
15385,4238723
15386,4238722
15387,4238721
15388,4238720
15389,4238719
15390,4238718
15391,4238717
15392,4238716
15393,4238715
15394,4238714
15395,4238713
15396,4238712
15397,4238710
15398,4238709
15399,4238708
15400,4238707
15401,4238706
15402,4238705
15403,4238704
15404,4238703
15405,4238702
15406,4238701
15407,4238700
15408,4238699
15409,4238698
15410,4238697
15411,4238696
15412,4238695
15413,4238694
15414,4238693
15415,4238692
15416,4238691
15417,4238690
15418,4238689
15419,4238688
15420,4238687
15421,4238686
15422,4238685
15423,4238684
15424,4238683
15425,4238682
15426,4238681
15427,4238680
15428,4238679
15429,4238678
15430,4238677
15431,4238676
15432,4238675
15433,4238674
15434,4238673
15435,4238672
15436,4238671
15437,4238670
15438,4238669
15439,4238668
15440,4238667
15441,4238666
15442,4238665
15443,4238664
15444,4238663
15445,4238662
15446,4238661
15447,4238660
15448,4238659
15449,4238658
15450,4238657
15451,4238656
15452,4238655
15453,4238654
15454,4238653
15455,4238652
15456,4238651
15457,4238650
15458,4238649
15459,4238648
15460,4238647
15461,4238646
15462,4238645
15463,4238644
15464,4238643
15465,4238642
15466,4238641
15467,4238640
15468,4238639
15469,4238638
15470,4238637
15471,4238636
15472,4238635
15473,4238634
15474,4238633
15475,4238632
15476,4238631
15477,4238630
15478,4238629
15479,4238628
15480,4238627
15481,4238626
15482,4238625
15483,4238624
15484,4238623
15485,4238622
15486,4238621
15487,4238620
15488,4238619
15489,4238618
15490,4238617
15491,4238616
15492,4238615
15493,4238614
15494,4238613
15495,4238612
15496,4238611
15497,4238610
15498,4238609
15499,4238608
15500,4238607
15501,4238606
15502,4238605
15503,4238604
15504,4238603
15505,4238602
15506,4238601
15507,4238600
15508,4238599
15509,4238598
15510,4238597
15511,4238596
15512,4238595
15513,4238594
15514,4238593
15515,4238592
15516,4238591
15517,4238590
15518,4238589
15519,4238588
15520,4238587
15521,4238586
15522,4238585
15523,4238584
15524,4238583
15525,4238582
15526,4238581
15527,4238580
15528,4238579
15529,4238578
15530,4238577
15531,4238576
15532,4238575
15533,4238574
15534,4238573
15535,4238572
15536,4238571
15537,4238570
15538,4238569
15539,4238568
15540,4238567
15541,4238566
15542,4238565
15543,4238564
15544,4238563
15545,4238562
15546,4238561
15547,4238560
15548,4238559
15549,4238558
15550,4238557
15551,4238556
15552,4238555
15553,4238554
15554,4238553
15555,4238552
15556,4238551
15557,4238550
15558,4238549
15559,4238548
15560,4238547
15561,4238546
15562,4238545
15563,4238544
15564,4238543
15565,4238542
15566,4238541
15567,4238540
15568,4238539
15569,4238538
15570,4238537
15571,4238536
15572,4238535
15573,4238534
15574,4238533
15575,4238532
15576,4238531
15577,4238530
15578,4238529
15579,4238528
15580,4238527
15581,4238526
15582,4238525
15583,4238524
15584,4238523
15585,4238522
15586,4238521
15587,4238520
15588,4238519
15589,4238518
15590,4238517
15591,4238516
15592,4238515
15593,4238514
15594,4238513
15595,4238512
15596,4238511
15597,4238510
15598,4238509
15599,4238508
15600,4238507
15601,4238506
15602,4238505
15603,4238504
15604,4238503
15605,4238502
15606,4238501
15607,4238500
15608,4238499
15609,4238498
15610,4238497
15611,4238496
15612,4238495
15613,4238494
15614,4238493
15615,4238492
15616,4238491
15617,4238490
15618,4238489
15619,4238488
15620,4238487
15621,4238486
15622,4238485
15623,4238484
15624,4238483
15625,4238482
15626,4238481
15627,4238480
15628,4238479
15629,4238478
15630,4238477
15631,4238476
15632,4238475
15633,4238474
15634,4238473
15635,4238472
15636,4238471
15637,4238470
15638,4238469
15639,4238468
15640,4238467
15641,4238466
15642,4238465
15643,4238464
15644,4238463
15645,4238462
15646,4238461
15647,4238460
15648,4238459
15649,4238458
15650,4238457
15651,4238456
15652,4238455
15653,4238454
15654,4238453
15655,4238452
15656,4238451
15657,4238450
15658,4238449
15659,4238448
15660,4238447
15661,4238446
15662,4238445
15663,4238444
15664,4238443
15665,4238442
15666,4238441
15667,4238440
15668,4238439
15669,4238438
15670,4238437
15671,4238436
15672,4238435
15673,4238434
15674,4238433
15675,4238432
15676,4238431
15677,4238430
15678,4238429
15679,4238428
15680,4238427
15681,4238426
15682,4238425
15683,4238424
15684,4238423
15685,4238422
15686,4238421
15687,4238420
15688,4238419
15689,4238418
15690,4238417
15691,4238416
15692,4238415
15693,4238414
15694,4238413
15695,4238412
15696,4238411
15697,4238410
15698,4238409
15699,4238408
15700,4238407
15701,4238406
15702,4238405
15703,4238404
15704,4238403
15705,4238402
15706,4238401
15707,4238400
15708,4238399
15709,4238398
15710,4238397
15711,4238396
15712,4238395
15713,4238394
15714,4238393
15715,4238392
15716,4238391
15717,4238390
15718,4238389
15719,4238388
15720,4238387
15721,4238386
15722,4238385
15723,4238384
15724,4238383
15725,4238382
15726,4238381
15727,4238380
15728,4238379
15729,4238378
15730,4238377
15731,4238376
15732,4238375
15733,4238374
15734,4238373
15735,4238372
15736,4238371
15737,4238369
15738,4238368
15739,4238367
15740,4238366
15741,4238365
15742,4238364
15743,4238363
15744,4238362
15745,4238361
15746,4238360
15747,4238359
15748,4238358
15749,4238357
15750,4238356
15751,4238355
15752,4238354
15753,4238353
15754,4238352
15755,4238351
15756,4238350
15757,4238349
15758,4238348
15759,4238347
15760,4238346
15761,4238345
15762,4238344
15763,4238343
15764,4238342
15765,4238341
15766,4238340
15767,4238339
15768,4238338
15769,4238337
15770,4238336
15771,4238335
15772,4238334
15773,4238333
15774,4238332
15775,4238331
15776,4238330
15777,4238329
15778,4238328
15779,4238327
15780,4238326
15781,4238325
15782,4238324
15783,4238323
15784,4238322
15785,4238321
15786,4238320
15787,4238319
15788,4238318
15789,4238317
15790,4238316
15791,4238315
15792,4238314
15793,4238313
15794,4238312
15795,4238311
15796,4238310
15797,4238309
15798,4238308
15799,4238307
15800,4238306
15801,4238305
15802,4238304
15803,4238303
15804,4238302
15805,4238301
15806,4238300
15807,4238299
15808,4238298
15809,4238297
15810,4238296
15811,4238295
15812,4238294
15813,4238293
15814,4238292
15815,4238291
15816,4238290
15817,4238289
15818,4238288
15819,4238287
15820,4238286
15821,4238285
15822,4238284
15823,4238283
15824,4238282
15825,4238281
15826,4238280
15827,4238279
15828,4238278
15829,4238277
15830,4238276
15831,4238275
15832,4238274
15833,4238273
15834,4238272
15835,4238271
15836,4238270
15837,4238269
15838,4238268
15839,4238267
15840,4238266
15841,4238265
15842,4238264
15843,4238263
15844,4238262
15845,4238261
15846,4238260
15847,4238259
15848,4238258
15849,4238257
15850,4238256
15851,4238255
15852,4238254
15853,4238253
15854,4238252
15855,4238251
15856,4238250
15857,4238249
15858,4238248
15859,4238247
15860,4238246
15861,4238245
15862,4238244
15863,4238243
15864,4238242
15865,4238241
15866,4238240
15867,4238239
15868,4238238
15869,4238237
15870,4238236
15871,4238235
15872,4238234
15873,4238233
15874,4238232
15875,4238231
15876,4238230
15877,4238229
15878,4238228
15879,4238227
15880,4238226
15881,4238225
15882,4238224
15883,4238223
15884,4238222
15885,4238221
15886,4238220
15887,4238219
15888,4238218
15889,4238217
15890,4238216
15891,4238215
15892,4238214
15893,4238213
15894,4238212
15895,4238211
15896,4238210
15897,4238209
15898,4238208
15899,4238207
15900,4238206
15901,4238205
15902,4238204
15903,4238203
15904,4238202
15905,4238201
15906,4238200
15907,4238199
15908,4238198
15909,4238197
15910,4238196
15911,4238195
15912,4238194
15913,4238193
15914,4238192
15915,4238191
15916,4238190
15917,4238189
15918,4238188
15919,4238187
15920,4238186
15921,4238185
15922,4238184
15923,4238183
15924,4238181
15925,4238180
15926,4238179
15927,4238178
15928,4238177
15929,4238176
15930,4238175
15931,4238174
15932,4238173
15933,4238172
15934,4238170
15935,4238169
15936,4238168
15937,4238167
15938,4238166
15939,4238165
15940,4238164
15941,4238163
15942,4238162
15943,4238161
15944,4238160
15945,4238159
15946,4238158
15947,4238157
15948,4238156
15949,4238155
15950,4238154
15951,4238153
15952,4238152
15953,4238151
15954,4238150
15955,4238149
15956,4238148
15957,4238147
15958,4238146
15959,4238145
15960,4238144
15961,4238143
15962,4238142
15963,4238141
15964,4238140
15965,4238139
15966,4238138
15967,4238137
15968,4238136
15969,4238135
15970,4238134
15971,4238133
15972,4238132
15973,4238131
15974,4238130
15975,4238129
15976,4238128
15977,4238127
15978,4238126
15979,4238125
15980,4238124
15981,4238123
15982,4238122
15983,4238121
15984,4238120
15985,4238119
15986,4238118
15987,4238117
15988,4238116
15989,4238115
15990,4238114
15991,4238113
15992,4238112
15993,4238111
15994,4238110
15995,4238109
15996,4238108
15997,4238107
15998,4238106
15999,4238105
16000,4238104
16001,4238103
16002,4238102
16003,4238101
16004,4238100
16005,4238099
16006,4238098
16007,4238097
16008,4238096
16009,4238095
16010,4238094
16011,4238093
16012,4238092
16013,4238091
16014,4238090
16015,4238089
16016,4238088
16017,4238087
16018,4238086
16019,4238085
16020,4238084
16021,4238083
16022,4238082
16023,4238081
16024,4238080
16025,4238079
16026,4238078
16027,4238077
16028,4238076
16029,4238075
16030,4238074
16031,4238073
16032,4238072
16033,4238071
16034,4238070
16035,4238069
16036,4238068
16037,4238067
16038,4238066
16039,4238065
16040,4238064
16041,4238063
16042,4238062
16043,4238061
16044,4238060
16045,4238059
16046,4238058
16047,4238057
16048,4238056
16049,4238055
16050,4238054
16051,4238053
16052,4238052
16053,4238051
16054,4238050
16055,4238049
16056,4238048
16057,4238047
16058,4238046
16059,4238045
16060,4238044
16061,4238043
16062,4238042
16063,4238041
16064,4238040
16065,4238039
16066,4238038
16067,4238037
16068,4238036
16069,4238035
16070,4238034
16071,4238033
16072,4238032
16073,4238031
16074,4238030
16075,4238029
16076,4238028
16077,4238027
16078,4238026
16079,4238025
16080,4238024
16081,4238023
16082,4238022
16083,4238021
16084,4238020
16085,4238019
16086,4238018
16087,4238017
16088,4238016
16089,4238015
16090,4238014
16091,4238013
16092,4238012
16093,4238011
16094,4238010
16095,4238009
16096,4238008
16097,4238007
16098,4238006
16099,4238005
16100,4238004
16101,4238003
16102,4238002
16103,4238001
16104,4238000
16105,4237999
16106,4237998
16107,4237997
16108,4237996
16109,4237995
16110,4237994
16111,4237993
16112,4237992
16113,4237991
16114,4237990
16115,4237989
16116,4237988
16117,4237987
16118,4237986
16119,4237985
16120,4237984
16121,4237983
16122,4237982
16123,4237981
16124,4237980
16125,4237979
16126,4237978
16127,4237977
16128,4237976
16129,4237975
16130,4237974
16131,4237973
16132,4237972
16133,4237971
16134,4237970
16135,4237969
16136,4237968
16137,4237967
16138,4237966
16139,4237965
16140,4237964
16141,4237963
16142,4237962
16143,4237961
16144,4237960
16145,4237959
16146,4237958
16147,4237957
16148,4237956
16149,4237955
16150,4237954
16151,4237953
16152,4237952
16153,4237951
16154,4237950
16155,4237949
16156,4237948
16157,4237947
16158,4237946
16159,4237945
16160,4237944
16161,4237943
16162,4237942
16163,4237941
16164,4237940
16165,4237939
16166,4237938
16167,4237937
16168,4237936
16169,4237935
16170,4237934
16171,4237933
16172,4237932
16173,4237931
16174,4237930
16175,4237929
16176,4237928
16177,4237927
16178,4237926
16179,4237925
16180,4237924
16181,4237923
16182,4237922
16183,4237921
16184,4237920
16185,4237919
16186,4237918
16187,4237917
16188,4237916
16189,4237915
16190,4237914
16191,4237913
16192,4237912
16193,4237911
16194,4237910
16195,4237909
16196,4237908
16197,4237907
16198,4237906
16199,4237905
16200,4237904
16201,4237903
16202,4237902
16203,4237901
16204,4237900
16205,4237899
16206,4237898
16207,4237897
16208,4237896
16209,4237895
16210,4237894
16211,4237893
16212,4237892
16213,4237891
16214,4237890
16215,4237889
16216,4237888
16217,4237887
16218,4237886
16219,4237885
16220,4237884
16221,4237883
16222,4237882
16223,4237881
16224,4237880
16225,4237879
16226,4237878
16227,4237877
16228,4237876
16229,4237875
16230,4237874
16231,4237873
16232,4237872
16233,4237871
16234,4237870
16235,4237869
16236,4237868
16237,4237867
16238,4237866
16239,4237865
16240,4237864
16241,4237863
16242,4237862
16243,4237861
16244,4237860
16245,4237859
16246,4237858
16247,4237857
16248,4237856
16249,4237855
16250,4237854
16251,4237853
16252,4237852
16253,4237851
16254,4237850
16255,4237849
16256,4237848
16257,4237847
16258,4237846
16259,4237845
16260,4237844
16261,4237843
16262,4237842
16263,4237841
16264,4237840
16265,4237839
16266,4237838
16267,4237837
16268,4237836
16269,4237835
16270,4237834
16271,4237833
16272,4237832
16273,4237831
16274,4237830
16275,4237829
16276,4237828
16277,4237827
16278,4237826
16279,4237825
16280,4237824
16281,4237823
16282,4237822
16283,4237821
16284,4237820
16285,4237819
16286,4237818
16287,4237817
16288,4237816
16289,4237815
16290,4237814
16291,4237813
16292,4237812
16293,4237811
16294,4237810
16295,4237809
16296,4237808
16297,4237807
16298,4237806
16299,4237805
16300,4237804
16301,4237803
16302,4237802
16303,4237801
16304,4237800
16305,4237799
16306,4237798
16307,4237797
16308,4237796
16309,4237795
16310,4237794
16311,4237793
16312,4237792
16313,4237791
16314,4237790
16315,4237789
16316,4237788
16317,4237787
16318,4237786
16319,4237785
16320,4237784
16321,4237783
16322,4237782
16323,4237781
16324,4237780
16325,4237779
16326,4237778
16327,4237777
16328,4237776
16329,4237775
16330,4237774
16331,4237773
16332,4237772
16333,4237771
16334,4237770
16335,4237769
16336,4237768
16337,4237767
16338,4237766
16339,4237765
16340,4237764
16341,4237763
16342,4237762
16343,4237761
16344,4237760
16345,4237759
16346,4237758
16347,4237757
16348,4237756
16349,4237755
16350,4237754
16351,4237753
16352,4237752
16353,4237751
16354,4237750
16355,4237749
16356,4237748
16357,4237747
16358,4237746
16359,4237745
16360,4237744
16361,4237743
16362,4237742
16363,4237741
16364,4237740
16365,4237739
16366,4237738
16367,4237737
16368,4237736
16369,4237735
16370,4237734
16371,4237733
16372,4237732
16373,4237731
16374,4237730
16375,4237729
16376,4237728
16377,4237727
16378,4237726
16379,4237725
16380,4237724
16381,4237723
16382,4237722
16383,4237721
16384,4237720
16385,4237719
16386,4237718
16387,4237717
16388,4237716
16389,4237715
16390,4237714
16391,4237713
16392,4237712
16393,4237711
16394,4237710
16395,4237709
16396,4237708
16397,4237707
16398,4237706
16399,4237705
16400,4237704
16401,4237703
16402,4237702
16403,4237701
16404,4237700
16405,4237699
16406,4237698
16407,4237697
16408,4237696
16409,4237695
16410,4237694
16411,4237693
16412,4237692
16413,4237691
16414,4237690
16415,4237689
16416,4237688
16417,4237687
16418,4237686
16419,4237685
16420,4237684
16421,4237683
16422,4237682
16423,4237681
16424,4237680
16425,4237679
16426,4237678
16427,4237677
16428,4237676
16429,4237675
16430,4237674
16431,4237673
16432,4237672
16433,4237671
16434,4237670
16435,4237669
16436,4237668
16437,4237667
16438,4237666
16439,4237665
16440,4237664
16441,4237663
16442,4237662
16443,4237661
16444,4237660
16445,4237659
16446,4237658
16447,4237657
16448,4237656
16449,4237655
16450,4237654
16451,4237653
16452,4237652
16453,4237651
16454,4237650
16455,4237649
16456,4237648
16457,4237647
16458,4237646
16459,4237645
16460,4237644
16461,4237643
16462,4237642
16463,4237641
16464,4237640
16465,4237639
16466,4237638
16467,4237637
16468,4237636
16469,4237635
16470,4237634
16471,4237633
16472,4237632
16473,4237631
16474,4237630
16475,4237629
16476,4237628
16477,4237627
16478,4237626
16479,4237625
16480,4237624
16481,4237623
16482,4237622
16483,4237621
16484,4237620
16485,4237619
16486,4237618
16487,4237617
16488,4237616
16489,4237615
16490,4237614
16491,4237613
16492,4237612
16493,4237611
16494,4237610
16495,4237609
16496,4237608
16497,4237607
16498,4237606
16499,4237605
16500,4237604
16501,4237603
16502,4237602
16503,4237601
16504,4237600
16505,4237599
16506,4237598
16507,4237597
16508,4237596
16509,4237595
16510,4237594
16511,4237593
16512,4237592
16513,4237591
16514,4237590
16515,4237589
16516,4237588
16517,4237587
16518,4237586
16519,4237585
16520,4237584
16521,4237583
16522,4237582
16523,4237581
16524,4237580
16525,4237579
16526,4237578
16527,4237577
16528,4237576
16529,4237575
16530,4237574
16531,4237573
16532,4237572
16533,4237571
16534,4237570
16535,4237569
16536,4237568
16537,4237567
16538,4237566
16539,4237565
16540,4237564
16541,4237563
16542,4237562
16543,4237561
16544,4237560
16545,4237559
16546,4237558
16547,4237557
16548,4237556
16549,4237555
16550,4237554
16551,4237553
16552,4237552
16553,4237551
16554,4237550
16555,4237549
16556,4237548
16557,4237547
16558,4237546
16559,4237545
16560,4237544
16561,4237543
16562,4237542
16563,4237541
16564,4237540
16565,4237539
16566,4237538
16567,4237537
16568,4237536
16569,4237535
16570,4237534
16571,4237533
16572,4237532
16573,4237531
16574,4237530
16575,4237529
16576,4237528
16577,4237527
16578,4237526
16579,4237525
16580,4237524
16581,4237523
16582,4237522
16583,4237521
16584,4237520
16585,4237519
16586,4237518
16587,4237517
16588,4237516
16589,4237515
16590,4237514
16591,4237513
16592,4237512
16593,4237511
16594,4237510
16595,4237509
16596,4237507
16597,4237506
16598,4237505
16599,4237504
16600,4237503
16601,4237502
16602,4237501
16603,4237500
16604,4237499
16605,4237498
16606,4237497
16607,4237496
16608,4237495
16609,4237494
16610,4237493
16611,4237492
16612,4237491
16613,4237490
16614,4237489
16615,4237488
16616,4237487
16617,4237486
16618,4237485
16619,4237484
16620,4237483
16621,4237482
16622,4237481
16623,4237480
16624,4237479
16625,4237478
16626,4237477
16627,4237476
16628,4237475
16629,4237474
16630,4237473
16631,4237472
16632,4237471
16633,3717981
16634,3717960
16635,3717951
16636,3717948
16637,3717932
16638,3717913
16639,3717861
16640,3717784
16641,3717701
16642,3717536
16643,3717526
16644,3717494
16645,3717473
16646,3717426
16647,3717423
16648,3717418
16649,3717397
16650,3717359
16651,3717322
16652,3717182
16653,3717090
16654,3717051
16655,3716893
16656,3716661
16657,3716641
16658,3716539
16659,3716536
16660,3716458
16661,3716435
16662,3716390
16663,3716276
16664,3716063
16665,3716051
16666,3715881
16667,3715879
16668,3715858
16669,3715648
16670,3715632
16671,3715610
16672,3715599
16673,3715559
16674,3715494
16675,3715479
16676,3715354
16677,3715304
16678,3715298
16679,3715293
16680,3715280
16681,3715182
16682,3715149
16683,3715127
16684,3715068
16685,3714944
16686,3714911
16687,3714876
16688,3714832
16689,3714825
16690,3714713
16691,3714430
16692,3714331
16693,3714248
16694,3714198
16695,3714119
16696,3714089
16697,3714062
16698,3713981
16699,3713968
16700,3713783
16701,3713645
16702,3713635
16703,3713415
16704,3713412
16705,3713399
16706,3713398
16707,3713389
16708,3713298
16709,3713267
16710,3713263
16711,3713259
16712,3713238
16713,3713065
16714,3713042
16715,3713022
16716,3712980
16717,3712953
16718,3712607
16719,3712600
16720,3712535
16721,3712526
16722,3712502
16723,3712493
16724,3712474
16725,3712469
16726,3712461
16727,3712414
16728,3712364
16729,3712359
16730,3712357
16731,3712355
16732,3712312
16733,3712307
16734,3712252
16735,3712241
16736,3712157
16737,3712054
16738,3712042
16739,3712006
16740,3711926
16741,3711919
16742,3711783
16743,3711776
16744,3711650
16745,3711555
16746,3711413
16747,3711343
16748,3711319
16749,3711258
16750,3711219
16751,866128
16752,866054
16753,866042
16754,866021
16755,865913
16756,865820
16757,865579
16758,865262
16759,865245
16760,865244
16761,865162
16762,864977
16763,864964
16764,864723
16765,864480
16766,864407
16767,864330
16768,864212
16769,864189
16770,864131
16771,864093
16772,864048
16773,864026
16774,863998
16775,863964
16776,863915
16777,863831
16778,863828
16779,863766
16780,863731
16781,863722
16782,863663
16783,863623
16784,863580
16785,863576
16786,863573
16787,863506
16788,863483
16789,863479
16790,863468
16791,863440
16792,863427
16793,863416
16794,863343
16795,863322
16796,863300
16797,863281
16798,863214
16799,863141
16800,863062
16801,863043
16802,863013
16803,863009
16804,862915
16805,862891
16806,862800
16807,862672
16808,862646
16809,862611
16810,862563
16811,862506
16812,862488
16813,862459
16814,862353
16815,862330
16816,862310
16817,862119
16818,862116
16819,862109
16820,862108
16821,862054
16822,861962
16823,861945
16824,861921
16825,861918
16826,861899
16827,861898
16828,861895
16829,861846
16830,861833
16831,861781
16832,861767
16833,861762
16834,861742
16835,861640
16836,861630
16837,861598
16838,861552
16839,861546
16840,861533
16841,861506
16842,861468
16843,861425
16844,861403
16845,861400
16846,861387
16847,861386
16848,861383
16849,861256
16850,861243
16851,861241
16852,861239
16853,861145
16854,861108
16855,861075
16856,861071
16857,861014
16858,860986
16859,860968
16860,860967
16861,860889
16862,860868
16863,860830
16864,860782
16865,860758
16866,860735
16867,860723
16868,860691
16869,860591
16870,860508
16871,860507
16872,860472
16873,860431
16874,860350
16875,860315
16876,860311
16877,860300
16878,860294
16879,860250
16880,860227
16881,860223
16882,860213
16883,860207
16884,860196
16885,860163
16886,860146
16887,860114
16888,860111
16889,860103
16890,860091
16891,860049
16892,860043
16893,859990
16894,859984
16895,859957
16896,859949
16897,859914
16898,859900
16899,859883
16900,859874
16901,859865
16902,859796
16903,859761
16904,859751
16905,859733
16906,859703
16907,859689
16908,859536
16909,859490
16910,859361
16911,859331
16912,859244
16913,859224
16914,859218
16915,859105
16916,859001
16917,858981
16918,858812
16919,858756
16920,858640
16921,858631
16922,858595
16923,858593
16924,858515
16925,858482
16926,858457
16927,858440
16928,858435
16929,858428
16930,858418
16931,858386
16932,858342
16933,858323
16934,858319
16935,858280
16936,858229
16937,858164
16938,858018
16939,857973
16940,857842
16941,857689
16942,857679
16943,857531
16944,857497
16945,857462
16946,857377
16947,857272
16948,857062
16949,857056
16950,856953
16951,856905
16952,856686
16953,856259
16954,856255
16955,856140
16956,856115
16957,856036
16958,856025
16959,853696
16960,853632
16961,853614
16962,853599
16963,853573
16964,853557
16965,853529
16966,853501
16967,853436
16968,853371
16969,853361
16970,853296
16971,853274
16972,853212
16973,853202
16974,853133
16975,853124
16976,852985
16977,852944
16978,852933
16979,852799
16980,852761
16981,852680
16982,852628
16983,852560
16984,852502
16985,852148
16986,852029
16987,852016
16988,851940
16989,851909
16990,851833
16991,851770
16992,851674
16993,851660
16994,851598
16995,851595
16996,851503
16997,851492
16998,851470
16999,851466
17000,851343
17001,851303
17002,851235
17003,851213
17004,851134
17005,851085
17006,851076
17007,851067
17008,851015
17009,850865
17010,850739
17011,850684
17012,850571
17013,850554
17014,850485
17015,850433
17016,850283
17017,850189
17018,850151
17019,850149
17020,850038
17021,850010
17022,849814
17023,849510
17024,849465
17025,849292
17026,849137
17027,849132
17028,849118
17029,849116
17030,848966
17031,848874
17032,848762
17033,848751
17034,848749
17035,848731
17036,848633
17037,848623
17038,848612
17039,848576
17040,848536
17041,848392
17042,848343
17043,848341
17044,848253
17045,848129
17046,848062
17047,848009
17048,847923
17049,847836
17050,847772
17051,847691
17052,847676
17053,847619
17054,847614
17055,847598
17056,847542
17057,847473
17058,847391
17059,847355
17060,847251
17061,847058
17062,847033
17063,846890
17064,846847
17065,846772
17066,846760
17067,846659
17068,846619
17069,846555
17070,846490
17071,846448
17072,846379
17073,846376
17074,846322
17075,846286
17076,846256
17077,846175
17078,846155
17079,846135
17080,846109
17081,846056
17082,846035
17083,845912
17084,845879
17085,845859
17086,845813
17087,845706
17088,845652
17089,845641
17090,845632
17091,845581
17092,845577
17093,845417
17094,845406
17095,845384
17096,845245
17097,845164
17098,845093
17099,844963
17100,844932
17101,844873
17102,844835
17103,844782
17104,844690
17105,844622
17106,844570
17107,844455
17108,844442
17109,844373
17110,844275
17111,844203
17112,844156
17113,844118
17114,844085
17115,844043
17116,844042
17117,844035
17118,843987
17119,843859
17120,843813
17121,843808
17122,843662
17123,843632
17124,843611
17125,843526
17126,843422
17127,843298
17128,843295
17129,843293
17130,843289
17131,843170
17132,843048
17133,842968
17134,842953
17135,842891
17136,842789
17137,842697
17138,842618
17139,842584
17140,842408
17141,842319
17142,842250
17143,842238
